4 0.2131885957099441 0.7418200405432177 0.23489721656771262 0.7185711828642153 0.23646651446104525 0.6781181705027512 0.2503286458521505 0.686022782113612 0.24352835498104222 0.7232209544000159 0.25477498988325964 0.7394951547753176 0.2615752807543678 0.733915428932357 0.25817513531881375 0.7143863884819949 0.27020641916769744 0.6948573480316328 0.2751758624965842 0.6795131019634915 0.2615752807543678 0.6581241528988092 0.2694217702210311 0.6418499525235074 0.28040685547435973 0.6469647012128881 0.28276080231435874 0.6204610034588254 0.27857600793213827 0.6051167573906838 0.273083465305474 0.5948872600119228 0.25843668496770256 0.6018619173156234 0.23332791867437996 0.6209259806124053 0.22286593271882885 0.6437098611378276 0.22051198587882992 0.6818379877313917 0.21894268798549724 0.7004370738745933 0.19488012028772983 0.7543744236898788 0.20691140413661352 0.7701836469116005
4 0.311485167624954 0.5889626745656695 0.3182879415085297 0.5319489505890351 0.3212034160300622 0.5919861296250365 0.33408009516683035 0.5924180517763745 0.33966808799976755 0.5915542074736984 0.3335941827465751 0.56563887839341 0.338453306949129 0.5544089024586183 0.3394251317896399 0.5379958607077691 0.33189348927568113 0.5181274417462146 0.33140757685542577 0.5064655436600849 0.33675261347823515 0.48702904684986853 0.34136878147066146 0.47536714876373876 0.34914338019474805 0.4680244721909904 0.346713818093471 0.4464283646240834 0.34379834357193856 0.4360622329919681 0.3333512265364472 0.43476646653795364 0.3292209709642763 0.4442687538673928 0.32946392717440404 0.4498837418347885 0.30929856173380466 0.4632733285262709 0.30200987542997354 0.4779586816717676 0.29666483880716404 0.49134826836324996 0.2976366636476749 0.5185593638975527 0.2995803133286965 0.5816199979929212 0.2981225760679303 0.6122864707379291 0.3153724669869973 0.6148780036459579
4 0.2855280157068854 0.4201788733158236 0.2980638272808445 0.3846865343739146 0.2980638272808445 0.43228478737352893 0.31121869127820906 0.43255992178393127 0.31323061165427657 0.4237556206510547 0.30812342916118207 0.4155015883389828 0.31090916506650634 0.38991408817156015 0.3135401378659793 0.37037954503299003 0.3152425320303441 0.3585487653856872 0.31555205824204674 0.3511201363048225 0.31957589899418176 0.3469931201487866 0.3164806368771549 0.3255326361373998 0.31307584854842524 0.32168075439176624 0.31415919028938466 0.30462242094681774 0.31493300581864137 0.28893975955388124 0.3115282174899118 0.2768338454961759 0.30657579810266866 0.2749079046233591 0.303171009773939 0.2859132810394549 0.3019329049271282 0.2925165068891124 0.2963614331164797 0.2974689262763555 0.29109948751753395 0.30764889946124413 0.28784946229465563 0.32305642644377824 0.2853732526010341 0.33433693727027636 0.28398038464837194 0.34864392661120097 0.2850637263893314 0.3797341149866716 0.26881360027493995 0.4171523948013972 0.269742178910048 0.4276075023966882 0.27515888761484514 0.4408139540960032 0.28119464874304767 0.439988550864796
4 0.4163357511447854 0.4445026285855958 0.42313604201589355 0.3956800274596909 0.415551102198119 0.3812657356987094 0.42052054552700574 0.35243715217674654 0.4304594321847793 0.32872331734416416 0.43830592165144255 0.3161689341975028 0.4419676167358854 0.29803482520788105 0.4474601593625498 0.29803482520788105 0.45033720550032624 0.29849980236146106 0.4532142516381028 0.3157039570439228 0.45164495374477015 0.32965327165132424 0.44876790760699364 0.3315131802656444 0.44955255655365994 0.34685742633378597 0.45530664882921307 0.3598767866340273 0.45530664882921307 0.376615964162909 0.44222916638477416 0.36638646678414794 0.4451062125225507 0.3849855529273498 0.45033720550032624 0.4003297989954914 0.4474601593625498 0.4245086109816538 0.4419676167358854 0.4407828113569556 0.4458908614692171 0.44868742296781633 0.4427522656825517 0.4584519431929973 0.4309825314825568 0.4607768289608975
4 0.7153382897108042 0.3998803520788406 0.7077533498930295 0.3571024539494762 0.6975529135863671 0.34129323072775464 0.6925834702574805 0.32734391612035324 0.6936296688530355 0.2845660179909889 0.698860661830811 0.26922177192284735 0.70121460867081 0.2538775258547058 0.7056609527019194 0.24969273147248536 0.7114150449774723 0.2501577086260654 0.7124612435730274 0.2636420460798868 0.7114150449774723 0.2738715434586478 0.7145536407641376 0.285030995144569 0.7148151904130264 0.2934005839090098 0.7205692826885796 0.2943305382161699 0.7229232295285786 0.3138595786665319 0.7150767400619151 0.3245540531988729 0.7208308323374684 0.3408282535741746 0.7260618253152438 0.3598923168709565 0.7352160630263511 0.3808162887820587 0.7336467651330183 0.39197574046797984 0.7302466196974642 0.3929056947751399 0.7221385805819122 0.4049951007682211
4 0.4898900773084967 0.8423132743584211 0.4956441695840498 0.7888409016967156 0.5262454785040367 0.8478930002013817 0.5335688686729223 0.8353386170547205 0.5225837834195938 0.8144146451436183 0.5197067372818173 0.7879109473895557 0.5278147763973694 0.7790763814715347 0.5272916770995918 0.7618722267890728 0.519968286930706 0.7455980264137714 0.5178758897395958 0.7283938717313095 0.5212760351751499 0.7144445571239081 0.5233684323662601 0.6911956994449058 0.5170912407929295 0.6823611335268848 0.5089832016773774 0.6786413162982444 0.5050599569440457 0.693520585212806 0.49930586466849264 0.7004952425165069 0.47341244942850375 0.7242090773490889 0.4658275096107293 0.7502477979495719 0.4718431515351711 0.782796198700175 0.4768125948640579 0.8009303076897969 0.4718431515351711 0.8237141882152192 0.47210470118405984 0.8469630458942216 0.4820435878418333 0.8613773376552031
4 0.44359578945518324 0.8130197136828781 0.4506576299751802 0.7590823638675928 0.4490883320818476 0.7144445571239081 0.4551039740062894 0.6879408593698454 0.47027385364183844 0.6484178013155415 0.4804742899485007 0.6372583496296202 0.49172092485071817 0.625633920790119 0.49982896396627025 0.6265638750972792 0.5045368576462682 0.6539975271585018 0.4974750171262712 0.6693417732266436 0.4935517723929395 0.7004952425165069 0.46818145645072834 0.7386233691100705 0.463735112419619 0.7725667013214141 0.45824256979295475 0.812554736529298 0.4616427152285088 0.8288289369045997 0.44568818664629345 0.8334787084404002
4 0.685006115379524 0.9335082670380531 0.6653898917128658 0.8842206887585681 0.6771596259128607 0.843302699243524 0.6771596259128607 0.8260985445610622 0.6622512959262004 0.8591119224652456 0.6523124092684269 0.8800358943763478 0.6415888736639872 0.8665515569225264 0.6423735226106534 0.8488824250864846 0.6549279057573147 0.834003156171923 0.6575434022462026 0.8167990014894613 0.6554510050550924 0.7902953037353987 0.6525739589173157 0.7675114232099761 0.6525739589173157 0.7405427483023334 0.6575434022462026 0.7307782280771525 0.6690515867973087 0.7289183194628324 0.6748056790728617 0.7451925198381341 0.6946834523884087 0.7689063546707164 0.7116841795661792 0.8191238872573615 0.7101148816728465 0.8377229734005635 0.7205768676283975 0.8679464883832664 0.7310388535839487 0.8958451175980693 0.731823502530615 0.9139792265876912 0.7103764313217353 0.8977050262123895 0.6952065516861863 0.8660865797689462 0.6891909097617444 0.8791059400691875 0.6999144453661843 0.930253426962993 0.7030530411528495 0.9609419190992761 0.6821290692417474 0.9637317820207563
4 0.8364969650100648 0.5802851675553578 0.8497756394921102 0.5373641995325842 0.849976831529717 0.5066041724495964 0.833881468521177 0.520911161790521 0.8348874287092106 0.4930125325757182 0.8435386863263009 0.486216712638779 0.8523911359809979 0.4525952876876064 0.8654686184254368 0.44651481721771347 0.8711019954784258 0.4304194542091734 0.8785461008698757 0.4275580563409885 0.8857890142237187 0.43578457521202 0.8857890142237187 0.4497338898194214 0.8914223912767077 0.45939110762454555 0.9004760329690116 0.479778567435363 0.9028903374202926 0.4948009062433337 0.8936355036903819 0.5058888229825503 0.888002126637393 0.508392546117212 0.8833747097724377 0.5033850998478884 0.8779425247570555 0.5212688365240441 0.8684864989895382 0.5423716458019078 0.8566161687707399 0.57134329921728 0.8574209369211667 0.6010303020996983 0.8497756394921102 0.6031763505008371
6 0.05215516667190397 0.3219673484254963 0.05834569090595785 0.31041170318859573 0.04875037834317433 0.2961047138476712 0.048595615237322996 0.25455941787690956 0.05246469288360666 0.23282379945512038 0.05772663848255247 0.22924705211988922 0.0585004540118092 0.2105379122125264 0.06623860930437656 0.20641089605649046 0.07134579179747101 0.21191358426453838 0.07103626558576832 0.22401949832224374 0.07567915876130873 0.23447460591753472 0.07645297429056547 0.25510968669771433 0.07738155292567354 0.2749193642466868 0.08032205193684915 0.28262312773795384 0.07103626558576832 0.27216802014266284 0.0719648442208764 0.2944539073852568 0.07320294906768718 0.31729006344865557 0.06298858408149827 0.33297272484159207 0.06964339763310619 0.3445283700784927 0.06840529278629541 0.35085646151774774 0.06453621514001175 0.3571845529570028 0.054321850153822834 0.3516818647489549
