5 0.6608166709804607 0.6028581207998942 0.6654889057906088 0.6031903686086159 0.6658626845754207 0.6078418379307189 0.6641806800437674 0.6108320682092138 0.6617511179424903 0.6091708291656055
4 0.5893905964583019 0.4996511025029113 0.5981629556936822 0.44744073256093836 0.6115121980083911 0.511856124047788 0.6183775226273843 0.5105000105428017 0.6172333018575521 0.4772752296706372 0.6145634533946104 0.446084619055952 0.6149448603178878 0.42981125699611633 0.6172333018575521 0.41828429220373264 0.6138006395480555 0.39184007885649963 0.6118936049316686 0.38573756808406123 0.6107493841618363 0.37082031952921185 0.6069353149290623 0.3620055817468008 0.5989257695402369 0.3620055817468008 0.59701873492385 0.3721764330341982 0.5844323064556959 0.3816692275691023 0.5794740164530896 0.3999767598864175 0.5840508995324184 0.4169281786987464 0.587483561841915 0.42370874622367793 0.5825252718393087 0.47252883240318494 0.5809996441461992 0.4982949889979249
4 0.7045754872880766 0.5708470615146924 0.7099151842139603 0.5871204235745282 0.7129664396001794 0.5722031750196788 0.7175433226795082 0.5491492454349115 0.7259342749916109 0.5281294861076237 0.7266970888381656 0.5186366915727195 0.7377578896132104 0.5240611455926648 0.7385207034597652 0.5457589616724458 0.743097586539094 0.5640664939897609 0.7522513526977516 0.5694909480097062 0.7564468288538029 0.5661006642472404 0.7518699457744741 0.5518614724448841 0.7514885388511968 0.5342319968800621 0.7537769803908612 0.515924464562747 0.7453860280787583 0.5023633295128838 0.7392835173063199 0.48608996745304806 0.735469448073546 0.4657482648782535 0.7301297511476623 0.4535432433333767 0.7209759849890047 0.45150907307589727 0.7167805088329534 0.4664263216307466 0.710677998060515 0.4779532864231303 0.7102965911372376 0.5043974997703633 0.7080081495975732 0.5240611455926648 0.706863928827741 0.5410125644049937
4 0.646601634949912 0.6352624530015422 0.6565182149551244 0.6901850499534876 0.6645277603439497 0.7078145255183097 0.6790212234284908 0.7051022985083369 0.67330011957933 0.6854386526860357 0.6656719811137818 0.6854386526860357 0.6671976088068915 0.6406869070214873 0.6584252495715113 0.6067840693968296 0.6610950980344529 0.5850862533170487 0.6683418295767237 0.5816959695545829 0.6652905741905044 0.5579639832173223 0.6687232365000011 0.5369442238900347 0.663764946497395 0.5247392023451579 0.6557554011085697 0.5281294861076237 0.6527041457223502 0.5396564509000074 0.6370664618679769 0.5321978266225826 0.6282941026325968 0.5410125644049937 0.6248614403231001 0.5552517562073499 0.6313453580188159 0.5661006642472404 0.6267684749394872 0.5925448775944734 0.6340152064817578 0.6237354882091585 0.6378292757145316 0.6562822123288299 0.6420247518705832 0.6718775176361724
4 0.5199745364218152 0.6372966232590216 0.5401891033555174 0.5959351613569391 0.5356122202761886 0.5538956427023636 0.5657433672151032 0.5132122375527743 0.5783297956832574 0.49897304575041806 0.5867207479953602 0.5091438970378154 0.5848137133789731 0.5281294861076237 0.5809996441461992 0.5369442238900347 0.593204665691076 0.5606762102272951 0.600832804156624 0.5728812317721719 0.59701873492385 0.5871204235745282 0.5813810510694766 0.5796617992971035 0.5668875879849354 0.5654226074947472 0.5691760295245998 0.5884765370795144 0.562692111828884 0.612886580169268 0.5447659864348462 0.6250916017141448
4 0.4532283248482704 0.5742373452771582 0.4825966579406301 0.5620323237322814 0.48641072717340417 0.5477931319299252 0.4917504240992877 0.5525395291973773 0.48374087871046234 0.5789837425446103 0.4825966579406301 0.5972912748619255 0.4940388656389521 0.6040718423868571 0.5005227833346679 0.6020376721293775 0.49594590025533913 0.5871204235745281 0.5009041902579453 0.5701690047621993 0.5050996664139967 0.5518614724448841 0.5031926317976096 0.5355881103850485 0.49670871410189393 0.5227050320876784 0.49670871410189393 0.5138902943052674 0.5077695148769384 0.5315197698700895 0.5150162464192091 0.5430467346624731 0.5215001641149248 0.5376222806425279 0.5207373502683701 0.5274514293551306 0.5127278048795447 0.5199928050777058 0.5096765494933255 0.5050755565228564 0.5115835841097125 0.49083636472050024 0.5161604671890413 0.4806655134331028 0.5131092118028221 0.4616799243632946 0.5054810733372741 0.4535432433333767 0.49785293487172616 0.4657482648782535 0.4906062033294555 0.4765971729181439 0.4753499263983595 0.4955827619879523 0.47115445024230806 0.5281294861076237 0.4715358571655856 0.5396564509000074 0.45780520792759916 0.5477931319299252 0.4429303379197806 0.5491492454349115 0.4436931517663354 0.5722031750196788
4 0.3071494732330264 0.6386527367640079 0.323931377857232 0.6379746800115148 0.32621981939689637 0.5803398560495966 0.3319409232460574 0.5694909480097062 0.33041529555294774 0.595257104604446 0.3288896678598381 0.6176329774367202 0.33880624786505054 0.6203452044466927 0.34910423479354036 0.5416906211574868 0.3521554901797595 0.5213489185826922 0.3552067455659787 0.5043974997703633 0.34567157248404373 0.4759191161656508 0.3418575032512697 0.4623579811157877 0.3407132824814375 0.45150907307589727 0.3281268540132834 0.4501529595709109 0.32545700555034157 0.4671043783832399 0.3185916809313484 0.476597172918144 0.3117263563123552 0.494226648482966 0.31210776323563255 0.507787783532829 0.3216429363175676 0.5084658402853222 0.322024343240845 0.533553940127569 0.3193544947779032 0.5627103804847745 0.3151590186218518 0.5857643100695419 0.3174474601615162 0.6108524099117885
4 0.20912789395073475 0.678658085161104 0.22857964703788208 0.6352624530015422 0.24650577243191985 0.6461113610414327 0.25298969012763567 0.6752678013986382 0.25756657320696447 0.7044242417558437 0.27358566398461526 0.7023900714983644 0.2793067678337762 0.6976436742309124 0.27625551244755703 0.6813703121710766 0.26786456013545423 0.6800141986660904 0.26481330474923503 0.6406869070214873 0.2430731101224233 0.6027157288818706 0.26176204936301584 0.6027157288818706 0.26710174628889943 0.6000035018718981 0.27015300167511863 0.5884765370795144 0.2632876770561255 0.5816959695545829 0.2541339108974679 0.5789837425446103 0.24955702781813907 0.5572859264648293 0.2518454693578035 0.5457589616724458 0.24917562089486164 0.5281294861076237 0.24154748242931368 0.5172805780677333 0.2339193439637657 0.5213489185826922 0.2301052747309917 0.5349100536325553 0.2262912054982177 0.5477931319299252 0.2186630670326697 0.5606762102272951 0.21751884626283752 0.5844081965645556 0.21370477703006355 0.6115304666642818 0.21179774241367652 0.6291599422291038 0.20416960394812855 0.6583163825863094 0.19692287240585796 0.6766239149036245
4 0.09153766158657586 0.810201095144776 0.10259846236162046 0.8244402869471322 0.10603112467111706 0.7946057898374335 0.11709192544616163 0.7539223846878442 0.11556629775305204 0.7240878875781454 0.12777131929792881 0.766805462985214 0.138450713149696 0.7844349385500361 0.146078851615244 0.7796885412825841 0.138450713149696 0.7566346116978167 0.14264618930574738 0.74442959015294 0.14264618930574738 0.7295123415980906 0.1319667954539802 0.7166292633007206 0.12929694699103841 0.7023900714983644 0.13692508545658638 0.6935753337159535 0.1373064923798638 0.6718775176361725 0.14035774776608298 0.6610286095962821 0.14226478238246998 0.6413649637739806 0.1300597608375932 0.625769658466638 0.1205245877556582 0.6291599422291039 0.1186175531392712 0.6427210772789668 0.10984519390389103 0.6515358150613779 0.09878439312884645 0.6623847231012683 0.09268188235640806 0.6793361419135973 0.09039344081674366 0.7071364687658165 0.09382610312624026 0.7261220578356249 0.09878439312884645 0.748497930667899
6 0.30855820093141617 0.47124944298274246 0.3161863393969641 0.47328361324022183 0.31351649093402234 0.4251415838132079 0.3241958847857894 0.4563321944278929 0.33067980248150536 0.4454832863880025 0.3261029194021765 0.3986973704659748 0.3302983955582279 0.3966632002084953 0.33334965094444713 0.39123874618855015 0.3253401055556217 0.3607261923263582 0.32495869863234433 0.34038448975156355 0.3177119670900737 0.3302136384641663 0.30855820093141617 0.3390283762465772 0.30817679400813874 0.3532675680489335 0.30207428323570035 0.36615064634630334 0.29902302784948115 0.38513623541611175 0.3039813178520874 0.3986973704659748 0.30665116631502914 0.40819016500087896 0.3024556901589778 0.443449116130523 0.31046523554780314 0.46379081870531763
