5 0.5232819516825432 0.43844667652295066 0.5291089210586128 0.4385852034736597 0.5285501765750478 0.44249580759832374 0.5284181903447307 0.448085560274769 0.5236631561847226 0.44776794984038043
4 0.40496077193763924 0.6120029039151519 0.4134846271136613 0.550569713457335 0.43790432032064364 0.6201939959761942 0.44481555424714797 0.615688895342621 0.431223460858356 0.5534365956786998 0.4351398267500418 0.5513888226634392 0.43398795442895777 0.5329588655260941 0.4342183288931745 0.5018327156941336 0.4266159715740197 0.48545053157204904 0.4250033503245019 0.4633345830072349 0.4194743631832985 0.46046770078587007 0.41371500157787816 0.46743012903775605 0.4132542526494445 0.48094543093847586 0.39827991247535166 0.49691806045750814 0.39528504444053303 0.5202626728314785 0.40127478051017024 0.528863319495573 0.39897103586800214 0.590706064556442 0.39643691676161713 0.6099551308998913
4 0.33538768374416156 0.8864044879600673 0.34805827927608635 0.8057222311588013 0.34552416016970133 0.8749369590746082 0.35174427070355535 0.8671554216166182 0.36257187052174555 0.8069508949679575 0.36925272998403313 0.7860636102122995 0.3932116742625817 0.7930260384641857 0.3975887890827012 0.7770534089451533 0.3860700658718605 0.7512514689528702 0.37086535123355086 0.7172584368995448 0.3720172235546349 0.6975998159530434 0.36579711302078094 0.6881800600828448 0.35796438123740937 0.6930947153194701 0.35543026213102435 0.7057909080140857 0.35496951320259074 0.7135724454720758 0.3303194455313917 0.7336406210216293 0.3268638285681395 0.7578043426017039 0.33492693481572794 0.7778725181512575 0.3252512073186218 0.8806707235173379 0.3330839391019934 0.8892713701814323
4 0.48812595351990884 0.7934355930672378 0.5132367701195416 0.7578043426017039 0.5254466167230327 0.7668145438688505 0.5173835104754442 0.7963024752886027 0.5286718592220682 0.7967120298916547 0.5360438420770062 0.7844253918000913 0.5434158249319442 0.7496132505406617 0.5369653399338734 0.739374385464359 0.544798071717245 0.7418317130826716 0.5547041736785681 0.7446985953040364 0.5581597906418202 0.7250399743575351 0.5528611779648336 0.7082482356323981 0.5454891951098956 0.6894087238920011 0.5464106929667627 0.6697501029454996 0.5422639526108601 0.6591016832661447 0.533740097434838 0.6586921286630927 0.5309756038642363 0.6705692121516038 0.5282111102936344 0.6783507496095941 0.504021791550869 0.6971902613499913 0.49987505119496645 0.724630419754483 0.4975713065527983 0.7463368137162447 0.4805235962007541 0.7786916273573616 0.4733819878100329 0.7946642568763942
4 0.6722239160679954 0.5182451219040838 0.6706762850094818 0.5645946879641794 0.681866848047964 0.5753884225261197 0.6965098188323607 0.5711555854430059 0.6950812363168097 0.5559173719437963 0.6903192945983068 0.5546475208188621 0.6927002654575583 0.5248060193829102 0.6863906926805419 0.4890385460305988 0.6940097994301466 0.4867104856348863 0.7003193722071631 0.47295376511476644 0.6932955081723713 0.44522868222037126 0.6865097412235045 0.4401492777206348 0.6854383043368412 0.4302021105753174 0.6819858965909266 0.42025494343 0.6735334500405838 0.4246994223672695 0.6702000908376317 0.4403609195747904 0.664842906404316 0.4549642075115329 0.657223799654711 0.47570510921879033 0.6575809452835989 0.5131657174043472 0.6660333918339415 0.5053349688005867
4 0.9156782925324688 0.6911921159128327 0.9118628306561101 0.6783043335749095 0.9189214351273739 0.6298055737243033 0.9255984934110019 0.6643990947366237 0.9297955014749967 0.7142544632543796 0.9433403911360706 0.7071322677518431 0.9446758027927963 0.6922095724131949 0.9400972485411656 0.6881397464117457 0.9357094673833529 0.610134748050631 0.9359002404771708 0.5945337483784081 0.9467743068247936 0.5894464658765963 0.9471558530124295 0.5701147923697114 0.9402880216349836 0.5599402273660877 0.9265523588800917 0.5494265101956767 0.9240723086604583 0.5341646626902412 0.9179675696582842 0.5267033150209172 0.9091920073426587 0.5331472061898788 0.9055673185601179 0.5480699015285269 0.9063304109353897 0.5572270100317881 0.8939301598372233 0.5982644222130701 0.8975548486197641 0.6199701608874673 0.9028964952466667 0.640658443061502 0.8966009831506745 0.6816958552427841 0.8971733024321282 0.6986534635821567
3 0.1221280835885424 0.6293190149556288 0.1398329828979365 0.6414799558954146 0.16699390797484792 0.6282459907550595 0.1673962920500614 0.6007050362737798 0.15914741850818462 0.569945009190792 0.16860344427570195 0.5520612725146364 0.17262728502783695 0.5184398475634638 0.16256768314749936 0.5198705464975564 0.16196410703467912 0.5041328582225393 0.16035457073382509 0.4898258688816147 0.15673311405690357 0.4651463122685199 0.145868744026139 0.46443096280147367 0.14124132716118376 0.49197191728275336 0.12695669249110442 0.5545649956492982 0.13480318195776772 0.5770985038612544
4 0.20019059417996188 0.5903324690016095 0.2011965543679956 0.5438347536436048 0.19294768082611882 0.49984076142026185 0.19294768082611882 0.45799281759805766 0.20843946772183863 0.43832070725428635 0.2124633084739737 0.4222253442457463 0.2255407909184125 0.42437139264688495 0.22815628740730032 0.4637156133344274 0.22533959888080576 0.49483331515093826 0.23238132019704205 0.5073519308242472 0.23077178389618805 0.5220165948986949 0.21668834126371547 0.5052058824231086 0.21487761292525465 0.5642222134544223 0.22131575812867074 0.5810329259300087 0.2176943014517492 0.5956975900044562
4 0.23318608834746907 0.5645798881879454 0.2510921796944699 0.5645798881879454 0.24928145135600915 0.547411500978836 0.24445284245344712 0.5459808020447435 0.2510921796944699 0.5141477507611865 0.24445284245344712 0.47551887954069016 0.2702054232671113 0.475161204807167 0.2698030391918978 0.46693468593613546 0.2535064841457509 0.4594235165321501 0.2535064841457509 0.4340286104520091 0.26054820546198726 0.421152320045177 0.25571959655942517 0.40040718550083637 0.2440504583782336 0.3982611370996977 0.24183734596455936 0.4097067285724373 0.23358847242268255 0.4222253442457462 0.22835747944490706 0.42937883891620854 0.2271503272192665 0.4901835436151378 0.2341920485355028 0.5159361244288019 0.22533959888080576 0.5202282212310793 0.22191933424149102 0.5495575493799746 0.23358847242268255 0.5502728988470208
4 0.3472574569092526 0.4985985785312198 0.3641575880682197 0.5007446269323585 0.3645599721434332 0.4860799628579109 0.37461957402377083 0.4671232019811859 0.38226487145282734 0.4685539009152783 0.37985056700154635 0.5032483500670203 0.3913185131451311 0.5039636995340665 0.3941352016716257 0.4882260112590495 0.3927268574083784 0.45281621264026134 0.3852827520169286 0.44673574217036843 0.3995673866870079 0.43922457276638305 0.39775665834854723 0.42312920975784285 0.3983602344613674 0.40667617201577966 0.3909161290699176 0.3988073278782712 0.38548394405453534 0.4098952446174878 0.37039454123402904 0.42026781188965806 0.36234685972975894 0.4356478254311519 0.36053613139129825 0.45818133364310804
