4 0.11910568626319672 0.5318623287488694 0.1295676722187478 0.5250665088119302 0.13781654576062458 0.5143362668062368 0.1394260820614786 0.499313927998266 0.1464678033777149 0.4932334575283731 0.1523023724683107 0.49287578279485006 0.1575333654460862 0.4742766966516481 0.15813694155890645 0.45925435784367735 0.14827853171617564 0.4381515485658137 0.14526065115207437 0.426705957093074 0.1402308502119056 0.42205618555727364 0.13701177761019756 0.4270636318265971 0.13681058557259082 0.43529015069762883 0.12755575184268028 0.4424436453680911 0.12815932795550053 0.4485241158379839 0.12232475886490474 0.4524585379067382 0.11850211015037647 0.4481664411044609 0.11910568626319672 0.4599697073107236 0.12433667924097228 0.46533482831357026 0.13198197667002878 0.4664078525141397 0.13580462538455707 0.4631887799124316 0.12876290406832078 0.4946641564624656 0.12594621554182625 0.5175553394079448 0.11809972607516298 0.5225627856772684
4 0.017302515234180606 0.45567761050844624 0.029977613603405937 0.4249175834254585 0.03520860658118146 0.42563293289250465 0.034202646393147705 0.44029759696695236 0.033800262317934204 0.45317388737378445 0.04768251291280003 0.4549622610414001 0.0490908571760473 0.442085970634568 0.04305509604784476 0.4370785243652444 0.04587178457433927 0.4216985108237505 0.047883704950406794 0.40703384674930293 0.053517082003395826 0.4059608225487335 0.05693734664271059 0.3963036047436095 0.05090158551450807 0.38807708587257783 0.051102777552114814 0.3709086986634684 0.05251112181536208 0.35839008299015945 0.049292049213654036 0.34801751571798917 0.039433639370923236 0.3551710103884515 0.03319668620511395 0.36447055346005236 0.020521587835888627 0.37233939759756085 0.017503707271787357 0.3934422068754246 0.020722779873495373 0.4120412930186264 0.016296555046146848 0.426705957093074 0.01166913818119157 0.43993992223342926 0.011467946143584817 0.4535315621073075
4 0.3120488503280711 0.584440514576767 0.3249251407349032 0.5790753935739203 0.33719785502891503 0.5447386191557014 0.34524553653318507 0.5493883906915019 0.3386061992921623 0.5740679473045968 0.3384050072545556 0.5822944661756284 0.3514824896989943 0.5801484177744897 0.3492693772853201 0.5715642241699349 0.35389679415027536 0.5576149095625336 0.3569146747143766 0.5408041970869472 0.35329321803745517 0.5268548824795458 0.3637552039930062 0.5411618718204704 0.3677790447451412 0.5365121002846698 0.3663707004818939 0.5268548824795458 0.36556593233146695 0.49645253013008117 0.35993255527847795 0.4857222881243877 0.35812182694001715 0.4782111187204024 0.35751825082719685 0.4631887799124316 0.35188487377420785 0.46068505677776983 0.34645268875882557 0.46533482831357026 0.34705626487164587 0.4767804197863099 0.33739904706652185 0.4814301913221104 0.32854659741182474 0.4925181080613269 0.32834540537421797 0.5039636995340665 0.33277163020156647 0.5089711458033901 0.3261322929605437 0.5293586056142076 0.3182858034938804 0.5583302590295797 0.3122500423656779 0.5805060925080128
4 0.42793546398955973 0.41812176348851937 0.4398057942083582 0.41633338982090384 0.4434272508852797 0.38664638693848535 0.4440308269980999 0.4213408360902274 0.45630354129211176 0.42277153502431986 0.45610234925450505 0.41382966668624205 0.45248089257758345 0.4109682688180571 0.4518773164647632 0.38915011007314715 0.44644513144938097 0.37126637339699153 0.45248089257758345 0.37162404813051464 0.456907117404932 0.36804730079528347 0.4575106935177523 0.35910543245720566 0.4532856607280105 0.34873286518503543 0.4506701642391227 0.3354989000446802 0.45227970053997674 0.3258416822395562 0.44966420405108903 0.3133230665662472 0.44302486681006614 0.3183305128355708 0.4402081782835717 0.3304914537753566 0.43356884104254884 0.3437254189157118 0.42994738436562735 0.36590125239414484 0.43356884104254884 0.3794928922680232 0.4329652649297286 0.3905808090072396
4 0.7081959723757643 0.442085970634568 0.7184567662937086 0.44172829590104484 0.7293211363244732 0.40417244888111803 0.7395819302424175 0.41382966668624205 0.7339485531894284 0.43815154856581373 0.7331437850390013 0.44637806743684527 0.7452153072954065 0.4445896937692298 0.7450141152577998 0.43564782543115194 0.7430021948817322 0.43278642756296704 0.7466236515586537 0.41776408875499627 0.747227227671474 0.40703384674930293 0.747227227671474 0.38664638693848535 0.7498427241603618 0.3744854459986996 0.7470260356338673 0.36303985452595994 0.7454164993330132 0.3494482146520817 0.7452153072954065 0.33943332211343447 0.740789082468058 0.33907564737991136 0.736765241715923 0.3444407683827581 0.7363628576407095 0.35123658831969723 0.728717560211653 0.3526672872537897 0.7208710707449896 0.3637552039930061 0.7176519981432815 0.3755584701992689 0.7218770309330234 0.3845003385373467 0.7156400777672141 0.41561804035385763
4 0.7770036492372732 0.4213408360902274 0.7906847077945323 0.42241386029079675 0.7880692113056444 0.38879243533962404 0.7989335813364091 0.3769891691333613 0.8114074876680276 0.4127566424856726 0.8164372886081963 0.4166910645544269 0.807987223028713 0.3766314943998383 0.8073836469158926 0.3483751904515123 0.8063776867278588 0.32369563383841743 0.8023538459757239 0.3165421391679552 0.8015490778252967 0.3061695718957849 0.7943061644714536 0.30688492136283113 0.7898799396441052 0.3176151633685245 0.7906847077945323 0.32727238117364865 0.7838441785159027 0.33692959897877267 0.7838441785159027 0.34730216625094296 0.7882704033432514 0.3501635641191278 0.782838218327869 0.3755584701992689 0.7832406024030825 0.40667617201577966
6 0.8334129928616099 0.4284943307606896 0.8434725947419472 0.42777898129364345 0.851117892171004 0.41919478768908874 0.8489047797573296 0.39809197841122507 0.8458868991932283 0.38879243533962404 0.8501119319829704 0.3709086986634684 0.8440761708547676 0.3244109833054637 0.8396499460274192 0.3104616686980623 0.8299927282222952 0.3097463192310161 0.8303951122975086 0.3236956338384175 0.8318034565607558 0.33084912850887976 0.8326082247111828 0.34157937051457327 0.8297915361846884 0.35087891358617407 0.8344189530496436 0.36303985452595994 0.8301939202599019 0.3877194111390547 0.8352237212000706 0.4127566424856727 0.8314010724855423 0.4209831613567043
3 0.8666096790667237 0.4156180403538576 0.864798950728263 0.4027417499470254 0.8726454401949265 0.3984496531447482 0.8772728570598816 0.40560314781521034 0.8778764331727018 0.4145450161532882 0.8859241146769719 0.43922457276638305 0.8885396111658594 0.46426180411300094 0.8859241146769719 0.4814301913221104 0.8784800092855221 0.4867953123249571 0.8796871615111626 0.5003869521988354 0.8812966978120167 0.5139785920727137 0.8752609366838142 0.5300739550812538 0.8678168312923643 0.534008377150008 0.8658049109162969 0.5204167372761298 0.8617810701641617 0.499313927998266 0.8611774940513415 0.4807148418550643 0.8529286205094647 0.47534972085221744 0.850916700133397 0.45782365890958493 0.8650001427658698 0.4599697073107236 0.861579878126555 0.44387434430218353 0.863189414427409 0.42455990869193544
4 0.8772728570598816 0.5726372483705042 0.8983980210085906 0.5093288205369132 0.9018182856479052 0.5157669657403293 0.8969896767453434 0.5679874768347039 0.9046349741743999 0.565483753700042 0.9080552388137145 0.562622355831857 0.9058421264000402 0.5486730412244557 0.9120790795658497 0.5311469792818232 0.9148957680923442 0.51469394153976 0.9138898079043103 0.49788322906417365 0.9197243769949062 0.4925181080613269 0.9245529858974681 0.4835762397232491 0.9235470257094345 0.4721306482505095 0.9195231849572995 0.45818133364310804 0.9175112645812318 0.44530504323627595 0.9122802716034564 0.44101294643399863 0.9136886158667036 0.4324287528294439 0.910871927340209 0.4238445592248892 0.9038302060239728 0.42062548662318106 0.9012147095350849 0.43028270442830524 0.9022206697231188 0.43850922329933684 0.8953801404444893 0.44637806743684527 0.890752723579534 0.4560352852419694 0.888338419128253 0.470699949316417 0.888338419128253 0.4835762397232491 0.8859241146769719 0.5000292774653122 0.8816990818872301 0.5222051109437453 0.8754621287214208 0.5425925707545628 0.867213255179544 0.5601186326971953 0.8641953746154427 0.56870282630175 0.870432327781252 0.5762139957057355
5 0.6287552880153824 0.3745612725678552 0.6320814177215236 0.37432278523110524 0.6329610348850684 0.37906308182396276 0.6313065455483943 0.3810853060147782 0.629756801202136 0.38033064585008847 0.6290650113062728 0.37889950102853887
