5 0.3464595353238656 0.7455195382702471 0.3522941044144614 0.7437311646026313 0.35269648848967494 0.7476655866713855 0.3498797999631804 0.749096285605478
4 0.23942537131707392 0.8220619312441932 0.25049093338544526 0.7955940009634827 0.254715966175187 0.7566074550094635 0.25873980692732207 0.7541037318748016 0.2637696078674908 0.7616149012787871 0.26014815119056933 0.7809293368890351 0.25914219100253555 0.7941633020293903 0.2738292097478284 0.7988130735651907 0.27563993808628917 0.7880828315594974 0.2722196734469744 0.780213987421989 0.27242086548458117 0.7712721190839111 0.2766458982743229 0.7608995518117407 0.27724947438714315 0.749096285605478 0.280669739026458 0.7330009225969379 0.2788590106879972 0.7176209090554441 0.2812733151392782 0.7076060165167969 0.28831503645551443 0.6965180997775804 0.28751026830508747 0.6782766883679017 0.2796637788384242 0.6718385431644855 0.2730244415974014 0.6754152904997167 0.2704089451085136 0.6822111104366558 0.25894099896492884 0.6890069303735951 0.250692125423052 0.7000948471128116 0.24626590059570347 0.7065329923162273 0.24365040410681574 0.7279934763276144 0.2404313315051077 0.7573228044765097 0.2418396757683549 0.7701990948833416 0.23761464297861315 0.7980977240981446 0.23178007388801736 0.8134777376396385 0.2337919942640849 0.82170425651067
4 0.28850938192808123 0.7393136741922751 0.30037971214687953 0.713203418645088 0.31245123440328465 0.7185685396479344 0.31647507515541967 0.710342020776903 0.31385957866653186 0.7014001524388251 0.32049891590755464 0.6928159588342703 0.3279430212990045 0.6777936200262996 0.32432156462208295 0.6620559317512825 0.3287477894494315 0.6488219666109274 0.32854659741182474 0.6391647488058034 0.3339787824272069 0.6395224235393265 0.33820381521694887 0.6266461331324945 0.33739904706652185 0.6148428669262317 0.3339787824272069 0.6044702996540614 0.325931100922937 0.6051856491211076 0.31466434681695893 0.6069740227887231 0.31446315477935216 0.6194926384620322 0.3048059369742281 0.6298652057342025 0.29434395101867705 0.6488219666109274 0.291929646567396 0.6613405822842364 0.291124878416969 0.6738591979575453 0.2891129580409015 0.6960350314359784 0.28428434913833944 0.7153494670462266 0.28066289246141796 0.7303718058541971 0.28146766061184497 0.7396713489257981
4 0.36677308455710744 0.5933823829148448 0.3661695084442872 0.5740679473045966 0.3691873890083885 0.5586879337631028 0.3738148058733438 0.5511767643591174 0.3780398386630855 0.5554688611613948 0.38226487145282734 0.5712065494364118 0.38588632812974877 0.5862288882443826 0.39333043352119856 0.5926670334477986 0.39916500261179444 0.5930247081813217 0.3977566583485471 0.578360044106874 0.3937328175964121 0.5762139957057354 0.39212328129555807 0.556184210628441 0.3895077848066704 0.5397311728863777 0.39172089722034464 0.5325776782159155 0.39554354593487295 0.5286432561471613 0.39795785038615394 0.5207744120096528 0.3971530822357268 0.5129055678721444 0.3887030166562433 0.4985985785312199 0.3806553351519733 0.4900143849266651 0.3790457988511193 0.4817878660556335 0.376832686437445 0.4757073955857406 0.3724064616100965 0.4757073955857406 0.3685838128955682 0.4807148418550643 0.3683826208579615 0.4889413607260958 0.36254805176736565 0.49788322906417365 0.3520860658118146 0.5082557963363439 0.34504434449557825 0.5204167372761298 0.3396121594801961 0.5311469792818232 0.3438371922699378 0.5368697750181929 0.35268964192463487 0.5264972077460227 0.36073732342890497 0.5214897614766991 0.3633528199177928 0.5214897614766991 0.36113970750411845 0.5375851244852392 0.3569146747143767 0.5504614148920712 0.3557075224887361 0.5665567779006113 0.3567134826767699 0.5855135387773364 0.35268964192463487 0.5930247081813218 0.3518848737742079 0.5994628533847377 0.3629504358425792 0.6008935523188302
4 0.45912022981860623 0.6817280420950538 0.4559011572168982 0.6735015232240221 0.4540904288784375 0.673143848490499 0.4546940049912578 0.6466759182097888 0.4508713562767294 0.6245000847313557 0.45630354129211176 0.6234270605307863 0.45992499796903324 0.6173465900608934 0.457711885555359 0.6073316975222461 0.4496642040510889 0.5973168049835991 0.4502677801639091 0.5772870199063047 0.45368804480322394 0.5690605010352731 0.4565047333297186 0.5640530547659495 0.45851665370578604 0.5504614148920712 0.4559011572168982 0.5411618718204703 0.4516761244271565 0.5354390760841005 0.4474510916374147 0.537227449751716 0.4438296349604932 0.543665594955132 0.4371902977194704 0.5504614148920712 0.43216049677930163 0.5712065494364118 0.4267283117639193 0.5930247081813217 0.424515199350245 0.6041126249205382 0.4293438082528071 0.6295075310006792 0.42290566304939103 0.6566908107484359 0.4200889745228965 0.6735015232240221 0.43055096047844754 0.6735015232240221 0.4315569206664814 0.6627712812183287 0.4398057942083581 0.6377340498717108 0.44282367477245943 0.6405954477398957 0.44604274737416744 0.6702824506223142 0.4466463234869877 0.6899545609660855 0.4567059253673253 0.6895968862325623
4 0.5699770425399262 0.5175553394079448 0.571787770878387 0.5050367237346358 0.575811611630522 0.4925181080613269 0.5822497568339381 0.4749920461186944 0.5842616772100055 0.4699845998493708 0.5884867099997473 0.4814301913221104 0.5923093587142756 0.4971678795971274 0.5945224711279498 0.5157669657403293 0.5979427357672646 0.524351159344884 0.6027713446698266 0.5232781351443146 0.6023689605946132 0.5075404468692977 0.6011618083689727 0.4925181080613269 0.6003570402185456 0.47892646818744866 0.5957296233535904 0.45138551370616886 0.6031737287450402 0.4549622610414 0.608203529685209 0.4685539009152783 0.6132333306253777 0.46676552724766274 0.6144404828510182 0.4603273820442467 0.6126297545125574 0.45210086317321513 0.6100142580236697 0.44673574217036843 0.6065939933843549 0.44137062116752174 0.6015641924441861 0.43421712649705946 0.5991498879929051 0.42777898129364345 0.5935165109399161 0.42241386029079675 0.5929129348270958 0.41025291935101094 0.590297438338208 0.4059608225487335 0.583054524984365 0.40631849728225666 0.5822497568339381 0.41418734141976515 0.5808414125706908 0.4213408360902274 0.5744032673672748 0.4259906076260279 0.5715865788407802 0.4370785243652444 0.5705806186527465 0.44709341690389154 0.5731961151416342 0.4506701642391227 0.573397307179241 0.4571083094425387 0.5695746584647127 0.4810725165885873 0.5653496256749709 0.4939488069954194 0.5639412814117237 0.5082557963363439 0.5629353212236899 0.5164823152073755
4 0.6369739910629744 0.6041126249205383 0.6436133283039971 0.5883749366455213 0.6490455133193794 0.5715642241699349 0.655081274447582 0.5565418853619641 0.657495578898863 0.5565418853619641 0.662324187801425 0.5851558640438133 0.6699694852304815 0.609477745923385 0.6719814056065491 0.619134963728509 0.6766088224715044 0.6173465900608935 0.6772123985843246 0.6080470469892926 0.6725849817193693 0.5862288882443826 0.6695671011552681 0.5694181757687963 0.6691647170800546 0.5522497885596869 0.6675551807792004 0.5350814013505775 0.667152796703987 0.5154092910068062 0.6635313400270655 0.502175325866451 0.6585015390868968 0.4964525301300812 0.6576967709364697 0.4867953123249571 0.6528681620339075 0.4839339144567722 0.6484419372065592 0.4842915891902953 0.6464300168304916 0.49108740912723453 0.6462288247928849 0.49752555433065054 0.6426073681159633 0.5046790490011128 0.637979951251008 0.5132632426056675 0.637979951251008 0.527212557213069 0.6357668388373339 0.5350814013505775 0.6303346538219515 0.5422348960210397 0.6289263095587043 0.5536804874937793 0.6327489582732326 0.565126078966519 0.6385835273638283 0.5583302590295798 0.6383823353262216 0.5483153664909326 0.6434121362663903 0.5383004739522854 0.6442169044168173 0.546169318089794 0.6391871034766485 0.5697758505023194 0.6349620706869069 0.5876595871784751 0.6323465741980191 0.5991051786512147 0.6321453821604123 0.6069740227887231
3 0.6876743845398756 0.5200590625426067 0.701154251059528 0.4932334575283732 0.7136281573911467 0.5307893045483 0.7232853751962707 0.5257818582789765 0.7271080239107988 0.5182706888749911 0.7166460379552478 0.49072973439371137 0.7192615344441358 0.4785687934539255 0.7212734548202032 0.4631887799124316 0.7174508061056748 0.44709341690389154 0.7134269653535398 0.4377938738322906 0.7071900121877305 0.43278642756296704 0.7041721316236292 0.42634828235955097 0.7001482908714942 0.4234868844913661 0.6957220660441457 0.4274213065601203 0.6949172978937187 0.4309980538953515 0.6900886889911565 0.43385945176353635 0.6854612721262013 0.44029759696695236 0.6818398154492799 0.44959714003855333 0.6772123985843246 0.4603273820442467 0.6723837896817626 0.467480876714709 0.6707742533809086 0.4721306482505095 0.6780171667347517 0.48500693865734157 0.6918994173296172 0.4649771535800472 0.6884791526903027 0.4832185649897261 0.6762064383962908 0.5032483500670203 0.6806326632236392 0.5218474362102222
4 0.9352161638906259 0.5588588808252432 0.9398435807555814 0.5492016630201191 0.9412519250188284 0.5273835042752092 0.9432638453948959 0.5137918644013308 0.945074573733357 0.5066383697308686 0.9452757657709635 0.49483510352460575 0.9476900702222444 0.48803928358766674 0.9533234472752334 0.4833895120518662 0.9579508641401888 0.485893235186528 0.960163976553863 0.4934044045905134 0.9599627845162564 0.5012732487280218 0.9637854332307847 0.5062806949973454 0.9722354988102682 0.5230914074729318 0.9784724519760775 0.5416904936161336 0.9810879484649653 0.5745965691002601 0.9814903325401787 0.5856844858394766 0.9885320538564151 0.6178752118565568 0.9911475503453028 0.6271747549281577 0.9792772201265045 0.6339705748650969 0.9792772201265045 0.6196635855241724 0.973241458998302 0.5967724025786931 0.9639866252683915 0.5856844858394766 0.9645902013812118 0.6135831150542794 0.9615723208171103 0.628247779128727 0.9581520561777956 0.6275324296616809 0.9583532482154022 0.6139407897878025 0.9549329835760875 0.5860421605729997 0.9533234472752334 0.5466979398854572 0.9426602692820757 0.5731658701661676 0.9370268922290866 0.5753119185673063
4 0.5019741338288443 0.7081959723757641 0.5184718809125979 0.7003271282382557 0.5132408879348225 0.6763629210922071 0.505394398468159 0.6584791844160515 0.5080098949570468 0.6416684719404651 0.5090158551450806 0.6262884583989713 0.5043884382801254 0.6044702996540613 0.4969443328886756 0.59052098504666 0.494127644362181 0.584440514576767 0.4919145319485068 0.5772870199063048 0.4852751947074839 0.5762139957057354 0.4808489698801354 0.5819367914421052 0.47803228135364095 0.5923093587142755 0.47783108931603413 0.6080470469892925 0.47923943357928145 0.6270038078660175 0.4740084406015059 0.6391647488058033 0.47239890430065196 0.6616982570177595 0.47380724856389916 0.6749322221581147 0.4683750635485168 0.6817280420950538 0.4679726794733034 0.6931736335677934 0.4826596982185962 0.689239211499039 0.4826596982185962 0.6498949908114967 0.48789069119637174 0.6488219666109274 0.4882930752715853 0.6656326790865137 0.4919145319485068 0.6713554748228835 0.4989562532647431 0.672428499023453 0.5035836701296983 0.6867354883643774 0.501370557716024 0.6985387545706402
4 0.07932452788571544 0.9921311558624915 0.08173883233699644 0.9567213572437033 0.07811737566007491 0.9148734134214991 0.08012929603614243 0.873740819066341 0.08495790493870446 0.8580031307913241 0.09602346700707579 0.8401193941151683 0.10427234054895258 0.8397617193816455 0.10568068481219983 0.8190165848373048 0.11111286982758212 0.8140091385679811 0.11835578318142517 0.8136514638344581 0.12459273634723447 0.8258124047742439 0.12499512042244797 0.842265442516307 0.12077008763270618 0.8490612624532461 0.12861657709936947 0.8769598916680491 0.12801300098654922 0.9034278219487595 0.13445114618996526 0.9198808596908224 0.13706664267885305 0.9316841258970854 0.1376702187916733 0.939910644768117 0.12620227264808848 0.9381222711005015 0.12036770355749267 0.924530631226623 0.11634386280535766 0.924530631226623 0.11916055133185219 0.9724590455187202 0.11775220706860492 0.9935618547965839 0.10648545296262685 0.9806855643897517 0.10044969183442432 0.9442027415703944 0.09340797051818801 0.9853353359255523 0.0905912819916935 0.9989269757994308
