4 0.4589126175883166 0.5526838040126615 0.456900697212249 0.5336995296948962 0.4491625419196817 0.5295725135388603 0.44869825260212765 0.5199428091747764 0.4504006467664925 0.5037098789610351 0.4530316195659654 0.489678024030513 0.45721022342395173 0.48197426053924597 0.45829356516491115 0.4704186153023454 0.45999595932927595 0.46271485181107835 0.4640198000814111 0.45996350770705435 0.46928174568035685 0.46161431416946874 0.4699007981037623 0.4695932120711382 0.47191271847982974 0.47729697556240525 0.4770199009729242 0.4844504702328675 0.48228184657187 0.49270450254493936 0.48243660967772134 0.502884475729828 0.4816627941484646 0.519667674764374 0.4798056368782484 0.5320487232324818 0.4829008989952753 0.5669907933535859 0.4816627941484646 0.5744194224344507 0.4773294271846268 0.5752448256656577 0.471138902950573 0.5375514114405296 0.47036508742131633 0.5251703629724219 0.4669602990925866 0.531498454411677 0.46665077288088397 0.5590118954519165 0.46355551076385704 0.5664405245327812 0.46046024864683005 0.5658902557119764 0.45860309137661387 0.5557102825270878
4 0.5549056771664768 0.6879488798468478 0.5495659802405932 0.6978067818638637 0.5446370292320852 0.7025531791313159 0.5409403159757042 0.6934254920785233 0.5427886726038949 0.6806467302046139 0.5464853858602757 0.6769956553834969 0.5477176236124027 0.6620262486169172 0.5460746399429001 0.6481521642966728 0.5444316562733975 0.6408500146544387 0.5429940455625827 0.6335478650122047 0.5452531481081487 0.6251503929236357 0.5468961317776513 0.6185784582456252 0.5557271690012281 0.6178482432814016 0.5583970174641699 0.6280712527805292 0.5637367143900535 0.6313572201195345 0.569076411315937 0.6415802296186621 0.5731838704896937 0.6580100663136886 0.5791396862916407 0.6788211927940554 0.5748268541591963 0.6879488798468478 0.5717462597788788 0.7018229641670924 0.5713355138615033 0.7138715110767785 0.5787289403742651 0.7259200579864645 0.5850955020935878 0.7324919926644751 0.5875599775978418 0.7383337123782623 0.5840686373001488 0.7492869368416133 0.5816041617958947 0.7565890864838473 0.5731838704896937 0.7438103246099378 0.5670226817290588 0.7372383899319271 0.5577808985881064 0.7273804879149113 0.5567540337946673 0.7091251138093263
4 0.6269796737939272 0.5709241805072764 0.6279144619536351 0.5516942526504278 0.6317871557581394 0.5450468701813936 0.6377965082134046 0.5365002355783498 0.6391319198701302 0.5322269182768279 0.6416692020179088 0.5550179438849449 0.6500822954552801 0.56380198500474 0.6528866599344039 0.572586026124535 0.6482127191358642 0.5811326607275789 0.6526195776030588 0.585643384545852 0.6564922714075629 0.5877800431966129 0.6610326710404302 0.5846937584788471 0.6579612242299612 0.564989017588496 0.6492810484612448 0.5350757964778424 0.6496816719582624 0.5203565924392669 0.6480791779701918 0.4999396319986622 0.6452748134910677 0.4856952409935891 0.6402002491955104 0.48023489110831113 0.638864837538785 0.4702638174047599 0.6367281788880241 0.46575309358648675 0.6317871557581394 0.46575309358648675 0.628849250113343 0.4678897522372477 0.62764737962229 0.47667379335704285 0.6225728153267327 0.48450820840983305 0.6205696978416443 0.494241875596633 0.6212374036700071 0.5156084621042426 0.6174982510311754 0.5286658205255597 0.6212374036700071 0.5357880160280962 0.6251100974745113 0.5319895117600767 0.6215044860013522 0.5645142045549936 0.6180324156938656 0.5697371479235204 0.6186508449407522 0.576928788212693 0.6229734388237503 0.5775715629763106
4 0.8181033705939237 0.6330033527554804 0.8239367491990898 0.6065481209860194 0.8246510404568652 0.5991406560905703 0.8282224967457426 0.5930030423200553 0.8294129821753683 0.5908866237784985 0.835127312237572 0.6097227487983548 0.8382225743545988 0.6188233485270492 0.8414368850145882 0.6310985760680793 0.8470321665338293 0.6336382783179475 0.8485797975923428 0.6251726041517199 0.8447702442175404 0.6082412558192649 0.8414368850145882 0.5949078190074565 0.8431035646160643 0.5798812473624027 0.8447702442175404 0.5718388569044865 0.8415559335575509 0.5519445226138519 0.8369130403820105 0.5360713835521752 0.8316749044916572 0.5229495885945225 0.8277463025738921 0.5227379467403668 0.823579603570202 0.5127907795950495 0.8198890987383622 0.5127907795950495 0.8161985939065225 0.5123674958867381 0.8154843026487469 0.5180818259489417 0.8165557395354103 0.5288755605108818 0.8191748074805868 0.532050188323217 0.8182224191368861 0.5439021321559356 0.8197700501953997 0.5578704945302111 0.8167938366213354 0.5760716939876003 0.813460477418383 0.5830558751747379 0.8136985745043084 0.5927914004658996 0.8128652347035704 0.6057015535693966 0.8094128269576557 0.6232678274643187 0.8073890017272919 0.6255958878600313 0.8086985356998804 0.6342732038804145 0.8120318949028325 0.6374478316927499 0.8154843026487469 0.6355430550053487
4 0.10652823166033316 0.8207554444009348 0.12198085225958658 0.7831095538875276 0.1198823482275892 0.753603315377019 0.11969157513377122 0.738680620038371 0.12446090247921983 0.7302018158686846 0.13132873385666577 0.7217230116989982 0.13342723788866317 0.7190097943646986 0.13228259932575548 0.7115484466953746 0.13590728810829644 0.7071394685271376 0.1414397078290168 0.7027304903589008 0.14849831230028068 0.7017130338585383 0.1521230010828216 0.6962865991899391 0.15555691677154457 0.6918776210217022 0.1618524288675367 0.6915384688549147 0.1671940754944391 0.7020521860253259 0.16643098311916735 0.7176531856975488 0.1605170172108111 0.7230796203661481 0.16166165577371877 0.7329150332029841 0.15937237864790346 0.7420721417062456 0.15632000914681637 0.7478377285416323 0.16433247908716997 0.7515684023762943 0.17120031046461592 0.7644561847142175 0.1706279911831621 0.7773439670521407 0.16128010958608288 0.7766656627185659 0.14430130423628593 0.7600472065459806 0.1410581616413809 0.7780222713857157 0.13571651501447848 0.7966756405590257 0.12140853297813274 0.8180422270666354 0.1168299787265021 0.838052204907095 0.10958060116142025 0.8360172919063704
4 0.0185049901003405 0.8566983733051107 0.04082544207703986 0.8041297874530551 0.046930181079214046 0.8173567219577659 0.039108484232678375 0.8553417646379607 0.03643766091922716 0.8661946339751593 0.040062349701768085 0.8739951338112708 0.04597631561012433 0.875012590311633 0.048647138923575535 0.861446503640135 0.048265592735939646 0.8546634603043859 0.05704115505156504 0.8238006131267275 0.06028429764647007 0.8041297874530551 0.06638903664864426 0.8058255482869923 0.07096759090027491 0.7949726789497937 0.06905985996209546 0.7810674401115082 0.06753367521155192 0.7736060924421843 0.06905985996209546 0.7610574622710484 0.07153991018172873 0.7508828972674247 0.07211222946318256 0.7366385062623516 0.07421073349517993 0.7240898760912158 0.07249377565081845 0.7074714199186305 0.06619826355482632 0.6993317679157316 0.05913965908356241 0.7023841374168187 0.05532419720720355 0.7074714199186305 0.05417955864429589 0.7179851370890417 0.04387781157812695 0.7335861367612647 0.03796384566977071 0.7498654407670624 0.03109601429232476 0.7698754186075222 0.02728055241596589 0.7831023531122328 0.02594514075924028 0.807860461287717 0.008394016127989503 0.8526285473036611 0.004960100439266525 0.8641597209744344 0.007249377565081845 0.8722993729773336 0.011637158722894538 0.8756908946452081 0.016024939880707235 0.8695861556430338
6 0.6490925573828928 0.42334933351909526 0.653921166285455 0.3997428011065698 0.6531163981350281 0.3857934864991684 0.6480865971948593 0.3832897633645066 0.6492937494204998 0.3764939434275674 0.6517080538717808 0.3618292793531197 0.6565366627743429 0.3532450857485651 0.6595545433384441 0.34680694054514905 0.6617676557521183 0.33858042167411745 0.6627736159401522 0.33178460173717833 0.6682058009555344 0.33071157753660896 0.6698153372563884 0.33714972274002497 0.6704189133692087 0.3439455426769641 0.6718272576324559 0.35145671208094953 0.6730344098580965 0.3650483519548278 0.6730344098580965 0.3747055697599519 0.6738391780085234 0.3807860402298448 0.6716260655948492 0.3832897633645066 0.6704189133692087 0.38865488436735324 0.6710224894820288 0.4104730431122632 0.6688093770683546 0.41548048938158677 0.6738391780085234 0.42191863458500284 0.6720284496700627 0.42835677978841885 0.6647855363162196 0.4272837555878495 0.6633771920529725 0.40081582530713916 0.6603593114888712 0.4040348979088472 0.6561342786991292 0.4204879356509103 0.6585485831504103 0.4265684061208033 0.6571402388871631 0.43229120185717307 0.6521104379469943 0.4290721292554651
4 0.8042270946882835 0.5514519150024505 0.7992746753010402 0.5255892804246255 0.8073223568053103 0.5052293340548482 0.7988103859834861 0.496700167332374 0.7892150734207025 0.48899640384110704 0.7923103355377294 0.4804672371186326 0.7992746753010402 0.47303860803776815 0.8023699374180672 0.4656099789569035 0.8045366208999863 0.4554300057720147 0.8076318830170132 0.44965218315356437 0.8127390655101074 0.4474511078703452 0.8159890907329859 0.450752720795174 0.8167629062622426 0.4623083660320745 0.8269772712484315 0.48707046296829004 0.8297630071537556 0.5008271834884098 0.8310011120005665 0.5187109201645655 0.822798667390445 0.5104568878524937 0.8155248014154317 0.5099066190316888 0.8108819082398914 0.5206368610373823 0.8110366713457428 0.5418222106383667 0.8122747761925535 0.5478751676672193 0.8110366713457428 0.5583302752625102 0.8005127801478511 0.5608064849561318 0.7998937277244457 0.5536529902856696
3 0.772345894882906 0.5165098448813463 0.7760602094233383 0.4989012426155931 0.7675482386015142 0.49449909204915476 0.7714173162477977 0.4766153553729991 0.7813221550222841 0.45130298961597876 0.7875126792563382 0.44222355407269975 0.7913817569026217 0.43424465617103025 0.7957151238664594 0.42984250560459203 0.8009770694654053 0.43341925293982314 0.8034532791590268 0.44442462935591887 0.8048461471116889 0.45102785520557637 0.8000484908302972 0.46726078541931765 0.7937032034903919 0.4749645489105847 0.7899888889499596 0.482118043581047 0.7882864947855946 0.49064721030352115 0.791536520008473 0.5093563502108841 0.7831793122925003 0.5324676406846853 0.7712625531419465 0.5286157589390517
5 0.21123144429464324 0.8169174696892955 0.2186600733755079 0.815266663226881 0.21788625784625118 0.8246212331805626 0.21014810255368382 0.8254466364117696
