4 0.7452123831072548 0.6694154198321075 0.7633406541706297 0.668086428597221 0.7665177738415303 0.6454935776041492 0.7680128889807777 0.6275521959331802 0.7653964374870948 0.5976498931482321 0.770918743674444 0.5545215927564269 0.7823189966112054 0.5614987967395815 0.7856830056745122 0.5472121409645507 0.7740958633453449 0.5266127768238087 0.7684891815731667 0.5242870421627571 0.7694236285351965 0.5040199258307367 0.7623218316237714 0.4993684565086337 0.7567151498515936 0.505681164874345 0.7544724771427225 0.5186388294144891 0.7453148969148322 0.5259482812063654 0.7352228697249121 0.5445541584947775 0.7275604046362691 0.5502023712430455 0.7286817409907047 0.5648212748267979 0.7378393212185951 0.563824531400633 0.7426984454211492 0.5608343011221382 0.7410164408894958 0.5837593999239318 0.7483051271933269 0.6000395425512924 0.7520429150414454 0.6179809242222613 0.7503609105097921 0.6345933146583436
4 0.45140148318611184 0.7603761791979079 0.46246632262755255 0.7841168308730297 0.46818951544209086 0.7654634616997197 0.484405228416616 0.7512190706946467 0.49146383288787987 0.7390095926902983 0.49451620238896704 0.744775179525685 0.4887930095744287 0.7769946353704933 0.491082286700244 0.7881866568744791 0.5084426382376769 0.7861517438737544 0.5048179494551359 0.770889896368319 0.5025286723293206 0.7658026138665072 0.5120673270202177 0.7420619621913853 0.5099688229882204 0.7220519843509255 0.5025286723293206 0.7013637021768908 0.514547377239851 0.7173038540159011 0.5238952588369302 0.7169647018491137 0.5235137126492944 0.7030594630108281 0.5153104696151228 0.6911891371732672 0.5103503691758563 0.685084398171093 0.5120673270202177 0.666431028997783 0.5092057306129486 0.6559173118273719 0.5118442107135418 0.628788117223941 0.5074564295557291 0.6203093130542546 0.5013516905535549 0.6230225303885543 0.4984900941462858 0.6413367473950768 0.4908591703935681 0.6576160514008746 0.4853267506728478 0.6759302684073971 0.47636041526340434 0.6945836375807072 0.47445268432522497 0.7200200500897662 0.4786496923892197 0.7298554629266024 0.46682176057250724 0.7390125714298637
6 0.46434171035287397 0.46463846849881285 0.4721634071994096 0.4619252511645132 0.48360979282848615 0.4236010563175309 0.48837912017393476 0.4269925779854054 0.4889514394553886 0.44971577316016487 0.4937207668008372 0.4642993163320254 0.4994439596153755 0.4663342293327502 0.49753622867719616 0.45175068616088965 0.49601004392665254 0.4463242514922904 0.494293086082291 0.41003496964603264 0.49276690133174755 0.39511227430738466 0.4982993210524678 0.39375566564023484 0.49620081702047053 0.3720499269658378 0.4914314896750219 0.36560603579687617 0.4918130358626578 0.35441401429289016 0.4872344816110271 0.3503441882914407 0.4813205157026709 0.3557706229600399 0.4813205157026709 0.3683192531311758 0.47120954173032 0.3764589051340748 0.46472325654050983 0.3988429481420468 0.4651048027281457 0.4083392088120955 0.4759788690757685 0.38866838313842306 0.4660586681972354 0.4381845994893915
4 0.33385291418140073 0.6515113123987004 0.3456808459981132 0.647441486397251 0.35312099665701313 0.6298055737243033 0.36017960112827685 0.6084389872166936 0.36132423969118466 0.5924988353776833 0.3687643903500843 0.6016559438809446 0.37887536432243535 0.5901247702101712 0.3760137679151662 0.575880379205098 0.3767768602904379 0.5575661621985755 0.37925691051007127 0.5426434668599275 0.37658608719662007 0.5277207715212795 0.36723820559954085 0.5260250106873422 0.36285042444172816 0.5348429670238161 0.3624688782540922 0.5409477060259902 0.3527394504693771 0.5524788796967637 0.3403391993712108 0.5819851182072722 0.3424377034032082 0.6016559438809446 0.34052997246502875 0.6196310087206798 0.33251750252467516 0.6348928562261151
4 0.32183420927087025 0.6199701608874671 0.3411022917464826 0.6033517047148819 0.33728682987012376 0.553496336197126 0.32660353661631886 0.531112293189154 0.3271758558977727 0.5192419673515931 0.3420561572155723 0.5165287500172935 0.3472070307486568 0.50499757634652 0.3380499222453955 0.4978753808439835 0.329655906117406 0.48803996800714733 0.32584044424104713 0.47040405533419966 0.3189726128636012 0.46870829450026236 0.31477560479960637 0.48261353333854806 0.31057859673561167 0.4968579243436211 0.30657236176543484 0.5229726411862551 0.30600004248398105 0.5524788796967637 0.31477560479960637 0.5813068138736973
3 0.2886396909465482 0.6009776395473697 0.30657236176543484 0.5938554440448331 0.30161226132616836 0.5345038148570286 0.30523695010870927 0.5107631631819067 0.3046646308272554 0.47447388133564916 0.30027684966944274 0.4551422078287642 0.29379056447963264 0.45039407749373983 0.2880673716650944 0.46667338149953763 0.28119954028764843 0.4866833593399974 0.2754763474731101 0.5100848588483319 0.2798641286309228 0.5341646626902411 0.28539654835164313 0.5450175320274396 0.28692273310218674 0.5785935965393977
4 0.29035664879090967 0.4486983166598026 0.31134168911088345 0.4090175131456704 0.31706488192542176 0.39239905697308514 0.32431425949050363 0.3940948178070224 0.32584044424104713 0.4107132739796077 0.3208803438017806 0.42733173015219295 0.31878183976978325 0.44462849065835314 0.319544932145055 0.46192525116451333 0.3105785967356117 0.48973572884108457 0.306190815577799 0.4741347291688616 0.299322984200353 0.4507332296605273
4 0.08603866531189241 0.6230225303885543 0.10225437828641759 0.6223442260549793 0.12381173788784518 0.6257357477228539 0.11789777197948893 0.6074215307163313 0.11827931816712482 0.5891073137098088 0.127817972858022 0.5823242703740596 0.127817972858022 0.5704539445364988 0.11522694866603773 0.5609576838664501 0.11579926794749157 0.5409477060259902 0.11217457916495065 0.5314514453559415 0.11713467960421717 0.5219551846858927 0.1154177217598557 0.5090674023479694 0.11160225988349681 0.5043192720129451 0.10492520159986879 0.5022843590122203 0.10168205900496377 0.5107631631819067 0.10263592447405348 0.5189028151848056 0.09004490028206921 0.5324689018563038 0.08222320343553355 0.5528180318635512 0.08050624559117207 0.5694364880361364 0.08222320343553355 0.5806285095401224 0.0890910348129795 0.5867332485422966
4 0.5247307090180161 0.9042643051178075 0.5436427605530507 0.9124908239888392 0.5396189198009157 0.8921033641780217 0.5444475287034777 0.8752926517024355 0.5518916340949276 0.861343337095034 0.5537023624333883 0.8302256352785231 0.5454534888915115 0.8034000302642896 0.54987971371886 0.7905237398574576 0.5655726926521866 0.8037577049978126 0.578247791021412 0.7969618850608736 0.5772418308333782 0.7758590757830099 0.5673834209906473 0.7769320999835793 0.560341699674411 0.7561869654392388 0.5557142828094559 0.7440260244994529 0.5601405076368043 0.7300767098920514 0.5565190509598829 0.7114776237488496 0.549074945568433 0.7114776237488496 0.5454534888915115 0.7232808899551122 0.544246336665871 0.735084156161375 0.5253342851308364 0.7629827853761778 0.5176889877017797 0.7930274629921195 0.5178901797393866 0.8427442509518321 0.4963626317154642 0.8706428801666352 0.4975697839411047 0.8974684851808685 0.5066234256334086 0.8953224367797297 0.5088365380470827 0.8820884716393745 0.5299617019957916 0.8659931086308345
6 0.11354139654400154 0.9631273117211022 0.1271419782862179 0.9691720147176427 0.1478828654430979 0.9262546234422043 0.15094299633509659 0.9727988365155672 0.16216347627242514 0.9734033068152211 0.16896376714353326 0.9129562768498151 0.1798442325373064 0.8984489896581177 0.18188431979863887 0.8615763013792198 0.1727039271226428 0.8295393754975546 0.17304394166619821 0.8114052665079328 0.16590363625153462 0.793875627817965 0.15706325811909397 0.8035471526124298 0.15366311268353988 0.8222857319017058 0.1370024000493248 0.8380019596927116 0.13156216735243823 0.8615763013792198 0.13734241459288019 0.8815238212678039 0.12476187648133004 0.9274635640415125
4 0.9673062938889027 0.6130910225791509 0.9835223721200069 0.6107661368112507 0.9869225175555608 0.6270403371865523 0.9992153510533336 0.6228555428043319 0.9918919608844478 0.5703131244497865 0.9981691524577785 0.5368347693920232 0.990584212640004 0.5140508888666009 0.9780298294933425 0.4866172368053781 0.9735834854622334 0.4731328993515567 0.9678293931866803 0.4680181506621761 0.958675155475573 0.47778267088735726 0.959982903720017 0.49359189410907883 0.9631214995066825 0.4977766884912992 0.9547519107422414 0.514980843173761 0.9542288114444639 0.5293951349347424 0.9489978184666883 0.5456693353100441 0.9555365596889076 0.5540389240744849 0.9680909428355691 0.5442744038493039 0.9646907974000151 0.5735679645248469 0.9707064393244569 0.5898421649001486 0.9646907974000151 0.60472143381471
