5 0.4516643868836828 0.686779811417356 0.46108017424367875 0.686314834263776 0.4621263728392338 0.6997991717175974 0.4521874861814604 0.6974742859496971
4 0.4929892314081094 0.5961092664692468 0.4854042915903349 0.5854147919369057 0.48697358948366765 0.5621659342579033 0.48488119229255733 0.5417069395003813 0.48645049018589004 0.5277576248929798 0.4932507810569982 0.519388036128539 0.505282064905882 0.52915255635372 0.533267877336981 0.5412419623468012 0.5437298632925321 0.5635608657186435 0.546083810132531 0.5961092664692468 0.5486993066214189 0.6044788552336877 0.5719772253725199 0.6198231013018293 0.5719772253725199 0.6435369361344117 0.5704079274791872 0.6514415477452724 0.5628229876614127 0.6430719589808317 0.5379757710169789 0.6258678042983697 0.5285599836569831 0.6026189466193674 0.5254213878703177 0.598434152237147 0.5152209515636554 0.6054088095408477 0.5199288452436535 0.6235429185304695 0.519144196296987 0.6509765705916923 0.5047589656081044 0.6500466162845323 0.5008357208747727 0.6514415477452724 0.5034512173636604 0.6286576672198501 0.4966509264925524 0.6151733297660288
4 0.48854288737700025 0.5012539271389171 0.4956047278969972 0.4803299552278151 0.48985063562144404 0.46963548069547395 0.481742596505892 0.4621958462381932 0.4812194972081144 0.43987694286635093 0.48880443702588894 0.43150735410191016 0.49926642298144003 0.4380170342520307 0.5246367389236514 0.4580110518559728 0.5311754801458709 0.4845147496100355 0.5319601290925371 0.5203179904356992 0.5416374661014218 0.5161331960534787 0.5536687499503056 0.5403120080396411 0.5408528171547555 0.5412419623468012 0.5361449234747576 0.5412419623468012 0.5194057459458759 0.5305474878144602 0.5042358663103268 0.5245027848179195 0.496912476141441 0.5189230589749589 0.4890659866747778 0.5147382645927385
4 0.6020061764775217 0.9292769749404748 0.5852094580258845 0.8884147826838601 0.590071665998727 0.868769497945103 0.5799052311464201 0.8451951562585946 0.5622244748815389 0.8294789284675891 0.5675287017610032 0.8145485120661339 0.576811098800066 0.8106194551183825 0.5679707206676253 0.7925457931587261 0.5657606261345152 0.769757262861768 0.5688547584808694 0.7571842806289635 0.578579174426554 0.7508977895125613 0.5874195525589947 0.7650423945244662 0.6020061764775217 0.7760437539781703 0.6157087625828048 0.789402547600525 0.6333895188476861 0.8231924373511869 0.6391357646337725 0.8569823271018491 0.6537223885522995 0.8758418004510556 0.6625627666847403 0.8939154624107123 0.6634468044979843 0.9080600674226171 0.6528383507390556 0.9135607471494693 0.6444399915132368 0.9112033129808184 0.6466500860463471 0.9025593876957655 0.6210129894622692 0.8844857257361088 0.6117305924232065 0.8907722168525108 0.6192449138357811 0.9324202204986759 0.6201289516490252 0.9504938824583324 0.5989120441311676 0.9544229394060838
4 0.7168290878361835 0.7229712616685435 0.7045885642681888 0.660106350504521 0.6845277061984195 0.6534571772083265 0.6811275607628656 0.6208157810270071 0.6804475316757547 0.6050995532360016 0.6845277061984195 0.5881743848456878 0.6852077352855304 0.5736670976539904 0.6991483315713022 0.5627866322602173 0.705608607898855 0.57064474615572 0.7059486224424104 0.579711800650531 0.7158090442055173 0.5893833254449959 0.7266895095992905 0.5990548502394609 0.7297496404912891 0.6649421129017538 0.7484504403868367 0.6939566872851485 0.7576308330628327 0.6993969199820351 0.7620510221290531 0.7314338458637004 0.756270774888611 0.7374785488602411 0.7481104258432812 0.718135499271311 0.7287295968606229 0.7006058605813432 0.7358699022752865 0.7386874894595492 0.7249894368815134 0.7459411330553979 0.7209092623588486 0.7489634845536682 0.7202292332717376 0.7308293755640463
4 0.9231567131564773 0.9000810594671836 0.9007157532818204 0.8692530741848264 0.8928954187800459 0.843865321599356 0.8809949097556067 0.8323803859059287 0.8796348515813848 0.7725378262401764 0.8752146625151647 0.7477545439543601 0.8748746479716093 0.7308293755640463 0.8826949824733837 0.7108818556754624 0.8962955642155999 0.7145086774733868 0.9013957823689311 0.7284114943654302 0.9013957823689311 0.7356651379612787 0.9119362332191489 0.7405009003585115 0.9268968731355869 0.7683065341425981 0.9336971640066952 0.796112167926685 0.9316570767453627 0.8281490938083503 0.9255368149613652 0.8505144948955505 0.9486578039231329 0.8728798959827508 0.9466177166618006 0.8970587079689132 0.9438976003133575 0.9212375199550757 0.9306370331146965 0.9254688120526544 0.9251968004178098 0.9194241090561135
4 0.8344129172885154 0.6758225782955268 0.8163921464800787 0.6740091673965647 0.8153721028494125 0.6298828355218181 0.8055116810863057 0.5966369690408447 0.8119719574138584 0.5706447461557201 0.8204723210027437 0.5627866322602173 0.8252325246125193 0.5476748747688658 0.8320328154836276 0.5458614638699035 0.8395131354418467 0.5482793450685198 0.8401931645289573 0.5664134540581417 0.849033542661398 0.5803162709501851 0.858893964424505 0.5996593205391151 0.8633141534907253 0.6244426028249316 0.861274066229393 0.6431811821142075 0.8520936735533968 0.6449945930131696 0.8480134990307318 0.6613152911038295 0.85481378990184 0.7090684447765001 0.8497135717485088 0.717531028971657 0.8446133535951778 0.7036282120796138
4 0.7323913268183523 0.6461787503301918 0.7490520394525675 0.6359027552360726 0.7378315595152389 0.5863361906644396 0.749392053996123 0.550067972685196 0.7514321412574553 0.5325383339952282 0.7419117340379038 0.5059416408104495 0.7313712831876861 0.4769270664270546 0.7232109341423564 0.4684644822318977 0.7150505850970265 0.46060636833639484 0.705530177877475 0.46725554163258953 0.70145000335481 0.48599412092186545 0.7045101342468088 0.5029192893121791 0.7099503669436952 0.5156131656049144 0.7133505123792493 0.5349562151938445 0.7072302505952518 0.549463502385542 0.7065502215081412 0.5621573786782772 0.7136905269228048 0.5682020816748179 0.7204908177939129 0.5839183094658233 0.7323913268183523 0.60870159175164 0.7327313413619077 0.6292535819398781
4 0.7599325048463406 0.4992924675142548 0.7483720103654566 0.46544213073362734 0.7463319231041242 0.43098732365334586 0.7371515304281282 0.432800734552308 0.7351114431667957 0.40922639286579965 0.7364715013410172 0.4007638086706427 0.7351114431667957 0.37960734818275055 0.7340913995361293 0.36086876889347475 0.7412317049507929 0.34998830349970156 0.7504120976267891 0.3493838332000475 0.7527921994316769 0.36026429859382064 0.7531322139752322 0.3699358233882856 0.7735330865885569 0.41648003646164844 0.7738731011321123 0.43884543754884864 0.7663927811738932 0.45939742773708675 0.7769332320241109 0.4998969378139088 0.7721730284143352 0.5137997547059523 0.765372737543227 0.5156131656049144
4 0.8939154624107121 0.6298580522395321 0.8833750115604944 0.6286491116402239 0.8738546043409429 0.6129328838492184 0.8571938917067279 0.5881496015634018 0.85481378990184 0.5669931410755096 0.8422332517902898 0.5579260865806988 0.8425732663338453 0.540396447890731 0.8582139353373941 0.5373740963924607 0.8602540225987266 0.5204489280021469 0.8571938917067279 0.5083595220090656 0.8517536590098413 0.5035237596118332 0.851413644466286 0.4769270664270545 0.8561738480760617 0.46544213073362734 0.8639941825778361 0.46362871983466514 0.8707944734489442 0.4684644822318976 0.8714745025360551 0.48236729912394105 0.8956155351284891 0.5131952844062981 0.902075811456042 0.5319338636955742 0.8996957096511541 0.5536947944831203 0.8945954914978229 0.5869406609640937 0.9156763931982583 0.6334848740374565 0.9122762477627042 0.6479921612291539 0.8939154624107121 0.6455742800305376
6 0.818449208984264 0.37591614493279196 0.8172420567586235 0.3580324082566363 0.8065788787654656 0.33943332211343447 0.8067800708030723 0.3136807412997703 0.8043657663517915 0.284351413150875 0.8023538459757239 0.2682560501423349 0.8069812628406793 0.26396395334005757 0.8071824548782858 0.2518030124002717 0.811206295630421 0.24464951772980942 0.8164372886081963 0.24214579459514765 0.8210647054731517 0.24786859033151745 0.820863513435545 0.2625332544059651 0.829715963090242 0.271832797477566 0.8407815251586134 0.28792816048610614 0.844201789797928 0.30187747509350754 0.8437994057227146 0.31081934343158535 0.8367576844064782 0.30295049929407686 0.8299171551278488 0.28828583521962925 0.8275028506765678 0.29329328148895284 0.8291123869774217 0.31332306656624714 0.8262956984509273 0.3426523947151424 0.8258933143757136 0.37913521753449997 0.8210647054731517 0.3787775428009769
