4 0.3250659751612279 0.5790753935739203 0.33049816017661016 0.5357967508176236 0.3300957761013967 0.5071827721357746 0.3321076964774642 0.4932334575283731 0.3278826636877224 0.49037205966018826 0.3300957761013967 0.47785344398687923 0.3353267690791723 0.4681962261817552 0.3445816028090828 0.4585390083766312 0.3478006754107908 0.45746598417606177 0.3482030594860043 0.44923946530503023 0.3512209400501055 0.4445896937692298 0.35685431710309456 0.442085970634568 0.36148173396804995 0.44673574217036843 0.36329246230651063 0.461042731511293 0.36107934989283635 0.4681962261817552 0.3663103428706119 0.4857222881243878 0.3647008065697579 0.4985985785312198 0.3647008065697579 0.5125478931386213 0.3701329915851402 0.5204167372761298 0.37254729603642117 0.5272125572130689 0.3693282234347132 0.5357967508176236 0.3634936543441174 0.5322200034823925 0.3606769658176228 0.5422348960210397 0.3572567011783081 0.5722795736369812 0.3600733897048026 0.5769293451727816 0.3582626613663419 0.5873019124449519 0.3478006754107908 0.5873019124449519 0.3482030594860043 0.5772870199063048 0.3486054435612178 0.5511767643591174 0.34518517892190304 0.5397311728863778 0.3401553779817343 0.5529651380267331 0.3361315372295992 0.5726372483705042 0.33753988149284647 0.5790753935739203 0.3351255770415655 0.5883749366455213 0.3224504786723401 0.5901633103131368
4 0.4449764295748516 0.5361544255511467 0.4556396075680095 0.4857222881243877 0.45282291904151495 0.4746343713851712 0.4524205349663014 0.4603273820442467 0.45543841553040276 0.44780876637093775 0.46207775277142543 0.43815154856581373 0.46388848110988623 0.42634828235955097 0.4644920572227065 0.42026781188965806 0.47052781835090907 0.4166910645544269 0.4745516591030441 0.4177640887549962 0.4755576192910778 0.4299250296947821 0.4767647715167183 0.4367208496317212 0.4817945724568871 0.44530504323627595 0.48461126098338164 0.45567761050844624 0.4860196052466289 0.4646194788465241 0.4900434459987639 0.47534972085221744 0.4922565584124382 0.4810725165885873 0.4918541743372246 0.4900143849266651 0.48541602913380866 0.4910874091272345 0.48119099634406687 0.4857222881243877 0.4942684787885058 0.5386581486858085 0.4968839752773935 0.5461693180897939 0.49265894248765163 0.5583302590295798 0.48722675747226935 0.5501037401585481 0.47777073170475215 0.5136209173391907 0.46911947408766186 0.5014599763994048 0.459261064244931 0.5247088340784071 0.4514145747782677 0.5418772212875165 0.44759192606373943 0.55260746329321 0.4433668932739976 0.5461693180897939
4 0.4027261016774338 0.4631887799124316 0.39970822111333265 0.4413706211675216 0.3870331227441072 0.42026781188965806 0.38602716255607356 0.4059608225487335 0.39347126794752335 0.38056591646859256 0.40011060518854613 0.36983567446289906 0.40172014148940016 0.35982078192425193 0.4033296777902542 0.35481333565492834 0.40876186280563653 0.35481333565492834 0.41198093540734443 0.3555286851219746 0.4131880876329849 0.36303985452595994 0.4135904717081985 0.3752007954657458 0.4115785513321309 0.3798505670015463 0.41198093540734443 0.39952267734531755 0.4200286169116146 0.39952267734531755 0.42525960988939004 0.40524547308168735 0.42385126562614284 0.41239896775214957 0.4143952398586255 0.4170487392879501 0.4061463663167487 0.41740641402147316 0.4182178885731538 0.4631887799124316 0.42264411340050223 0.4699845998493708 0.4198274248740077 0.47785344398687923 0.413992855783412 0.4732036724510788
4 0.42485722581417645 0.4599697073107236 0.4208333850620415 0.4292096802277359 0.418821464685974 0.41669106455442695 0.42546080192699676 0.41025291935101094 0.424454841738963 0.3991650026117944 0.4182178885731538 0.39523058054304017 0.42163815321246845 0.38378498907030045 0.429283450641525 0.3719817228640378 0.4351180197321209 0.36554357766062173 0.4377335162210086 0.3591054324572058 0.4409525888227166 0.35481333565492834 0.44678715791331236 0.35982078192425193 0.44739073402613255 0.3734124217981303 0.44236093308596386 0.3802082417350693 0.4421597410483571 0.40381477414759487 0.4502074225526272 0.4120412930186264 0.4494026544022002 0.42420223395841233 0.44236093308596386 0.42241386029079675 0.43491682769451406 0.4116836182851033 0.4387394764090423 0.4406552717004755 0.4391418604842558 0.45925435784367735 0.4433668932739976 0.4656925030470934 0.4409525888227166 0.4710576240499401 0.4318989471304128 0.4681962261817552
4 0.7668635705418929 0.8546280082801267 0.7571862335330082 0.7965058640826208 0.7540476377463429 0.7620975547176974 0.7417548042485703 0.7597726689497971 0.7354776126752398 0.7500081487246161 0.7383546588130163 0.7360588341172147 0.7448934000352356 0.7318740397349941 0.7509090419596776 0.7160648165132726 0.7543091873952317 0.7035104333666113 0.7571862335330082 0.6974657303700709 0.7618941272130061 0.6956058217557506 0.7634634251063388 0.6867712558377296 0.765555822297449 0.6751468269982284 0.7734023117641123 0.6695671011552679 0.7791564040396655 0.6765417584589687 0.779417953688554 0.6923509816806903 0.7781102054441104 0.6988606618308109 0.7859566949107736 0.7035104333666113 0.7906645885907716 0.7155998393596925 0.7943262836752144 0.7514030801853564 0.7911876878885492 0.7611676004105372 0.7883106417507725 0.7844164580895395 0.7893568403463277 0.8216146303759434 0.7888337410485502 0.8457934423621057 0.7883106417507725 0.8718321629625884 0.7880490921018839 0.8853165004164097 0.7765409075507778 0.8811317060341896 0.7621556768618949 0.8681123457339481
5 0.611069249305102 0.4369815535741626 0.6170568979156457 0.4378581766387126 0.6186066422619041 0.44725056661603607 0.61297120827551 0.44787672594785766
4 0.21196119923195333 0.6730254372434878 0.22000888073622338 0.6620200608273921 0.21691361861919642 0.7008140126941298 0.23013273840095314 0.7032435529885211 0.23570421021160162 0.6985662680116804 0.23462086847064223 0.687836026005987 0.23013273840095314 0.6828836066187439 0.23462086847064223 0.6647247355321859 0.23771613058766922 0.6504177461912612 0.23647802574085838 0.6259307836654482 0.24545428588023652 0.6322588751047032 0.2524186256435471 0.6317086062838985 0.25288291496110116 0.6198778266365954 0.24762096936215539 0.6091475846309021 0.2420494975515069 0.6017189555500374 0.243442365504169 0.5802584715386506 0.24266854997491227 0.5709039015849694 0.24746620625630403 0.5568720466544471 0.24916860042066888 0.5433904605447297 0.2431328392924663 0.5321099497182316 0.23601373642330434 0.531009412076622 0.23106131703606125 0.5384380411574867 0.2302875015068045 0.5480677455215706 0.22069218894402096 0.562374734862495 0.20939448221687265 0.5863114285675034 0.20707303562910245 0.6041951652436591 0.2069182725232511 0.6168513481221692 0.21434690160411574 0.6416134450583847 0.19670390753706218 0.6688517516882219 0.20273966866526472 0.6870106227747799 0.2104778239578321 0.6914127733412181
4 0.23859741820059885 0.5260258552444558 0.23842381468522456 0.5130634594298392 0.22939643188575945 0.49115083793370184 0.2283548107935135 0.47417627198598966 0.23338931273936903 0.45720170603827753 0.2358197619546096 0.44516519563899076 0.2387710217159732 0.4359063414856933 0.24154867796196242 0.43467182759858697 0.24241669553883413 0.4260302303888426 0.2438055236618287 0.4204749178968641 0.24866642209230988 0.41677137623554505 0.2549161486457857 0.41924040400975776 0.25873542598402094 0.42849925816305523 0.2594298400455183 0.4371408553727996 0.25665218379952903 0.44423931022366103 0.2552633556765344 0.46800370255045803 0.2594298400455183 0.4726331296271067 0.26012425410701556 0.4825092407239574 0.2604714611377642 0.49485437959502077 0.2559577697380317 0.4933112372361379 0.2504024572460532 0.4917680948772549 0.25404813106891405 0.5090512892967436 0.25578416622265737 0.5269517406597856 0.25456894161503707 0.5430004211921678 0.25404813106891405 0.5504075045148058 0.2602978576223899 0.5565800739503375 0.25873542598402094 0.5670734419907414 0.24745119748468963 0.5670734419907414 0.24901362912305858 0.549481619099476 0.24918723263843287 0.5371364802284128 0.24415273069257734 0.5275689976033386 0.2403334533543421 0.5254085983009025
3 0.1682424712175389 0.6088848283575764 0.1723892115734416 0.5646529312279482 0.16064011389838412 0.5384414366326129 0.1590274926488664 0.5191923702891637 0.16340460746898586 0.5052675137853918 0.16847284568175577 0.4983050855335059 0.17331070943030885 0.48601844744194245 0.18160419014211412 0.47864646458700444 0.1839079347842823 0.47168403633511846 0.18644205389066723 0.46595027189238897 0.19542665799512293 0.46635982649544105 0.19726965370885743 0.4839706744266819 0.19888227495837515 0.49052354807551574 0.2025682663858442 0.5159159334647467 0.20141639406476008 0.5249261347318932 0.20648463227752997 0.5396701004417692 0.20740613013439724 0.5630147128157398 0.20026452174367607 0.5744822417011989 0.1949659090666893 0.5646529312279482 0.19058879424656985 0.6047892823270552 0.19058879424656985 0.6154377020064101 0.17008546693127347 0.6105230467697847
4 0.7519677406522437 0.4721179497392602 0.750182012507805 0.4479907783655117 0.7432771970159757 0.4388901786368172 0.7424438572152376 0.434234057845392 0.7505391581366926 0.42259375586682923 0.7520867891952063 0.411165095742422 0.7523248862811314 0.39169404516009865 0.7505391581366926 0.37709075722335617 0.7582773134292602 0.3762441898067334 0.7655392745499774 0.38217016172309265 0.7831584589084383 0.4101068864716435 0.7761345948736466 0.44185316459499674 0.7809584418344901 0.4774640229752329 0.7698869273389706 0.4846598460165263 0.7611963837027027 0.49079745978704126 0.7514344031797715 0.4871995482663946
