4 0.06175047923468749 0.5679001819138371 0.07645297429056547 0.5464396979024503 0.08233397231291666 0.5095716869085294 0.08620304995920033 0.4969155040300193 0.09703646736879463 0.4795820361746684 0.101215071226781 0.46004749303609827 0.10616749061402411 0.45784641775287915 0.11050085757786182 0.4559204768800625 0.1166913818119157 0.4658253156545486 0.11514375075340225 0.47930690176426594 0.1120484886363753 0.48453445556191144 0.10926275273105106 0.5068203428045055 0.10864370030764565 0.5125981654229557 0.11158419931882124 0.5310321709199162 0.11344135658903742 0.5442386226192311 0.11081038378956451 0.5544185958041197 0.11452469832999684 0.565699106630618 0.11390564590659145 0.573402870121885 0.10431033334380793 0.5758790798155066 0.09904838774486213 0.5698261227866538 0.10214364986188906 0.5395613376423904 0.09471502078102442 0.5280056924054898 0.08945307518207862 0.5519423861104982 0.07413152770279527 0.5717520636594706 0.06979816073895755 0.5855087841795903 0.063762399610755 0.5896358003356262 0.06097666370543076 0.5794558271507376
4 0.33030387593864546 0.6308623129223129 0.33633963706684805 0.5915180922347705 0.3338634273732265 0.5609781726801045 0.32953006040938876 0.5466711833391801 0.33618487396099667 0.5345652692814746 0.34222063508919914 0.5241101616861836 0.34562542341792885 0.5150307261429046 0.35150642144028005 0.5161312637845142 0.3533635787104961 0.5221842208133669 0.35460168355730703 0.5386922854375106 0.3603279184738068 0.5796873125874674 0.3542921573456043 0.6190315332750099 0.3504230796993206 0.6509471248816877 0.3542921573456043 0.6630530389393932 0.35197071075783415 0.6669049206850266 0.34423255546526677 0.6619525012977835 0.34098253024238845 0.6531482001649068 0.3446968447828208 0.6182061300438026 0.33664916327855077 0.6429682269800182 0.3306134021503482 0.6490211840088709
4 0.36636367960200944 0.5026496776747968 0.37642328148234694 0.4682578763744975 0.37348278247117134 0.4454217203110988 0.3742565980004281 0.43304067184299105 0.3785899649642658 0.4236861018893096 0.3812209377637387 0.4159823383980425 0.3866376464685359 0.4151569351668354 0.3912805396440762 0.4261623115829311 0.39747106387813014 0.4385433600510389 0.4011853784185625 0.4591784408312185 0.399637747360049 0.4756865054553622 0.4038163512180354 0.5037502153164064 0.40459016674729203 0.5158561293741118 0.40134014152441383 0.520808548761355 0.3976258269839816 0.5095280379348568 0.3914353027499276 0.49522104859393223 0.3850900154100224 0.48476594099864123 0.3782804387525632 0.49467077977312734 0.3725542038360633 0.5092529035244544 0.36806607376637424 0.5161312637845142 0.3641969961200905 0.5114539788076735
4 0.4586024906894122 0.5279620434318172 0.4569000965250474 0.5067766938308328 0.45612628099579067 0.4965967206459441 0.4539595975138717 0.48008865602180045 0.45287625577291235 0.4646811290392663 0.45287625577291235 0.4542260214439754 0.45705485963089876 0.4454217203110987 0.46293585765324996 0.44294551061747717 0.4672692246170877 0.44844819882552506 0.4675787508287904 0.45285034939196334 0.475007379909655 0.4616546505248401 0.48011456240274947 0.476236774276167 0.48274553520222235 0.4877924195130675 0.47980503619104675 0.5155809949637095 0.4870789021660601 0.5334647316398651 0.49048369049478974 0.5507981994952159 0.4880074808011682 0.5554754844720566 0.4824360089905197 0.558501962986483 0.4805788517203035 0.548046855391192 0.4734597488511415 0.5282371778422196 0.470519249839966 0.5417187639519369 0.463864436288358 0.5458457801079728 0.45643580720749344 0.5436447048247537 0.4576739120543042 0.5356658069230843 0.45968583243037164 0.5329144628190603
4 0.5167934184895188 0.4864167474610557 0.5188053388655863 0.4718346237097287 0.5140076825841945 0.4525752149815611 0.5147814981134513 0.44019416651345333 0.5171029447012214 0.41873368250206655 0.5212815485592078 0.412130456652409 0.5225196534060187 0.4019504834675204 0.5259244417347483 0.39644779525947255 0.53072209801614 0.39342131674504616 0.5339721232390183 0.39919913936349644 0.5367578591443426 0.4091039781379827 0.5435674358018019 0.42203529542689533 0.544960303754464 0.43001419332856466 0.5482103289773423 0.44046930092385567 0.5432579095900991 0.4481730644151227 0.538305490202856 0.4377179568198317 0.5378412008853021 0.46192978493524245 0.5384602533087074 0.48476594099864123 0.5384602533087074 0.49439564536272507 0.5429483833783965 0.5043004841372113 0.5414007523198829 0.5087026347036496 0.5339721232390183 0.5100783067556616 0.5322697290746535 0.4996231991603706 0.5296387562751805 0.4674324731432904 0.5262339679464509 0.48201459689461723 0.52267441651187 0.486691881871458 0.5254601524171942 0.49659672064594423 0.5229839427235726 0.5037502153164065 0.5186505757597349 0.5007237368019801
4 0.5378723314840439 0.6418347906915536 0.548334317439595 0.6024905700040111 0.538677099634471 0.6164398846114125 0.5360616031455833 0.6128631372761814 0.5348544509199428 0.6039212689381035 0.53626279518319 0.595694750067072 0.5398842518601115 0.5917603279983177 0.5406890200105384 0.5788840375914855 0.5412925961233587 0.5670807713852228 0.5396830598225046 0.5524161073107752 0.5394818677848979 0.5438319137062205 0.5422985563113925 0.5384667927033738 0.545115244837887 0.5331016717005271 0.5499438537404491 0.532743996967004 0.554772462643011 0.5373937685028045 0.5551748467182246 0.5459779621073592 0.5622165680344609 0.5559928546460063 0.5688559052754836 0.5731612418551157 0.5756964345541132 0.5881835806630865 0.5754952425165064 0.602132895270488 0.5813298116071023 0.6221626803477823 0.58394530809599 0.6407617664909842 0.5785131230806076 0.6421924654250766 0.5726785539900119 0.6393310675568917 0.5642284884105283 0.6110747636085658 0.5535653104173706 0.6260971024165366 0.5429021324242127 0.6607915515682786 0.5330437225814819 0.6593608526341861
4 0.6102979163044573 0.45887474774415066 0.6028692872235927 0.4404407422471903 0.599928788212417 0.4338375163975327 0.5980716309422008 0.42475808085425376 0.6028692872235927 0.41540351090057226 0.5982263940480523 0.411001360334134 0.5946668426134712 0.4065992097676957 0.5946668426134712 0.39531869894119753 0.5934287377666605 0.38183711283148014 0.5938930270842145 0.3741333493402131 0.5972978154129441 0.367805257900958 0.603024050329444 0.36615445143854364 0.6059645493406196 0.3741333493402131 0.6056550231289168 0.3779852310858466 0.6135479415273356 0.38541386016671125 0.6219051492433083 0.3977949086348191 0.6237623065135245 0.41072622592373165 0.6242265958310785 0.4220067367502298 0.6194289395496868 0.4283348281894849 0.6189646502321328 0.4338375163975327 0.6228337278784164 0.4671287800562225 0.6160241512209571 0.4726314682642705 0.6112264949395654 0.4701552585706489
4 0.9326952525010296 0.6908507086215425 0.9397729342816752 0.6635489591951524 0.9459158279026131 0.6516786333575915 0.9520587215235508 0.6409953401037868 0.9608724384579398 0.6770811306499719 0.9636768029370636 0.6948866194063131 0.9726240610371252 0.6979729041240791 0.9716892728774172 0.6766063176164694 0.9670153320788777 0.63577239673526 0.9699532377236738 0.610844712476382 0.9647451322624441 0.5766581740642066 0.9594034856355416 0.5586152787911141 0.9564655799907453 0.5522053028388311 0.9575339093161257 0.5408097900347727 0.953527674345949 0.5334501880154849 0.9461829102339583 0.5339250010489873 0.9413754282697461 0.5386731313840116 0.9387046049562948 0.5467449529535531 0.9392387696189851 0.5586152787911141 0.9400400166130204 0.5773703936144602 0.9397729342816754 0.5875788738347626 0.9296238056905608 0.5868666542845089 0.9276206882054723 0.5980247605718162 0.935633158145826 0.6091828668591235 0.9391052284533125 0.6179669079789185 0.928288394033835 0.6604626744773864 0.9238815355666405 0.6792177893007327 0.9254840295547112 0.6901384890712889 0.9309592173472861 0.6939369933393084
3 0.24950459600277586 0.504513882158278 0.24875560561257878 0.48134511275484876 0.24366247095923874 0.46936126651169574 0.2478568171443423 0.4533828048541583 0.26073945185573183 0.446725112496851 0.2652333941969142 0.4421978816938822 0.2704763269282937 0.44166526630529757 0.27212410578672724 0.44858926635689705 0.28186098085928907 0.4549806510199121 0.2890512886051809 0.47016018959457256 0.2863549232004715 0.48214403583772564 0.27796623083026434 0.4901332666664943 0.27991360584477676 0.4967909590238016 0.2860553270443926 0.4933289589980018 0.2908488655416539 0.49998665135530906 0.2914480578538115 0.5170303437900157 0.2704763269282937 0.5298131131160455 0.23632236513530752 0.5250195746187843 0.23587297090118922 0.5087748052669546
6 0.4277414148645309 0.41693445268670604 0.4369081526726491 0.377569067813748 0.4429796283637405 0.41375982487437063 0.4419081914770772 0.423706992019688 0.4477415700822435 0.42603505241540063 0.45214636617185866 0.42137893162397544 0.4496463467696446 0.4091037040829455 0.4458367933948422 0.380955337480239 0.44893205551186915 0.3765108585429695 0.4479796671681686 0.35873294279389173 0.4463129875666926 0.34222487816974806 0.4398843662467135 0.33418248771183184 0.4389319779030129 0.3265633809622271 0.4377414924733871 0.32000248348340077 0.43476527889932276 0.3187326323584666 0.4298842886378572 0.32084905090002347 0.42964619155193207 0.32740994837884985 0.42976524009489464 0.3343941295659875 0.4258366381771296 0.3430714455863708 0.42369376440380335 0.368680109939209 0.4239318614897285 0.37566429112634675 0.42643188089194256 0.3739711562931013 0.42107469645862666 0.41629952712423884 0.4238128129467659 0.42116728976981976 0.4275033177786057 0.4184159456657958
