4 0.29124583522474157 0.5756870189387123 0.28226957508536343 0.5462476370256562 0.28165052266195806 0.5272633627078909 0.27251949941672854 0.5393692767655962 0.2655551596534179 0.5379936047135843 0.26524563344171526 0.521760674499843 0.27019805282895837 0.5154325830605879 0.2714361576757691 0.5011255937196634 0.27205521009917455 0.4870937387891412 0.2743766566869447 0.4747126903210335 0.28165052266195806 0.4705856741649976 0.2779362081215257 0.45792949128648736 0.2818052857678094 0.45105113102642747 0.2876862837901606 0.4505008622056227 0.29279346628325503 0.4626067762633281 0.29975780604656566 0.4650829859569496 0.30625785649232223 0.46976027093379036 0.3116745651971194 0.475813227962643 0.3147698273141463 0.4848926635059221 0.31616269526680846 0.5005753248988585 0.31090074966786263 0.5110304324941496 0.30997217103275454 0.5231363465518549 0.31554364284340314 0.5536762661065209 0.32142464086575423 0.5767875565803219 0.3256032447237406 0.5905442771004417 0.3197222467013894 0.5943961588460752 0.3141507748907409 0.5770626909907244 0.3087340661859438 0.5732108092450908 0.29805541188220086 0.528088765939098 0.29418633423591717 0.539919545586401 0.30409117301040334 0.5825653791987722 0.29573396529443063 0.5946712932564776 0.29016249348378215 0.592195083562856 0.2904720196954848 0.5814648415571626
4 0.4082650732358537 0.4974430140075298 0.4065626790714888 0.4666279600424616 0.4113603353528806 0.43526263725658865 0.40207454900179984 0.42508266407170003 0.40253883831935383 0.4140772876556042 0.40501504801297544 0.4102254059099707 0.40671744217734024 0.392341669233815 0.40919365187096174 0.3879395186673767 0.41089604603532665 0.37253199168484263 0.4132174926230968 0.3670293034767947 0.4178603857986372 0.36730443788719713 0.42188422655077223 0.3774844110720857 0.4235866207151371 0.3876643842569743 0.4348843274422854 0.4154529597076162 0.4358129060773934 0.4228815887884808 0.4310152497960018 0.42865941140693115 0.4316343022194071 0.44764368572469637 0.42838427699652876 0.4649771535800472 0.4303961973725963 0.505972180730004 0.4296223818433396 0.5194537668397214 0.4177056226927858 0.5183532291981118 0.40222931210765117 0.5136759442212712
4 0.5240278764126614 0.7863341449300443 0.514896853167432 0.755519090964976 0.5060753561339051 0.7469899242425019 0.4964800435711215 0.720577020843872 0.4935395445599459 0.6927884453932301 0.49431336008920274 0.68013226251472 0.4902895193370677 0.6710528269714409 0.4946228863009054 0.6534442247056877 0.49725385910037834 0.6465658644456278 0.5018967522759187 0.6435393859312015 0.5105634862035942 0.6531690902952854 0.5165992473317966 0.6578463752721261 0.5342422413988502 0.6597723161449429 0.5393494238919446 0.6627987946593692 0.5419803966914176 0.6732539022546602 0.5402780025270528 0.6815079345667319 0.5419803966914176 0.6949895206764493 0.5424446860089717 0.7362596822368084 0.5450756588084446 0.7502915371673308 0.5555995500063361 0.7987151933981522 0.5453851850201472 0.8083448977622361 0.5415161073738636 0.8003659998605666 0.5263493230004316 0.8066940912998216 0.5251112181536207 0.7910114299068851
5 0.4909817590999477 0.8414507558890211 0.5001445526414048 0.8403273482517543 0.5010924278353486 0.8473486459846715 0.4938253846817792 0.8493146093498884
4 0.6627227397657299 0.7936874957289693 0.6688839285263648 0.7858236422681021 0.6785206596647939 0.7554916360618994 0.6745711796900278 0.7187000359414129 0.665724344546552 0.7139255534830291 0.6614589061738049 0.705780848112845 0.6628807189647206 0.6934233641029107 0.6633546565616925 0.6847169549140932 0.671885533307187 0.6793807686370762 0.6785206596647939 0.6875254740072602 0.6796265140577283 0.6925808083749607 0.7033233939063241 0.7038148847476283 0.711696291452828 0.7083085152966953 0.7154877922286034 0.730214964223397 0.7192792930043787 0.7465043749637652 0.7090106450699871 0.7903172728171691 0.7276521905508825 0.8394663569475901 0.7118542706518185 0.8512621371388911 0.7090106450699871 0.8341301706705729 0.7101164994629215 0.8243003538444887 0.6984260387376143 0.79958538582462 0.6941606003648669 0.7894747170892189 0.6951084755588108 0.7653214528879836 0.668409990929393 0.8068875354668541
4 0.762881551925795 0.6167507928594538 0.7535607791853473 0.5917549729302682 0.7516650287974597 0.5676017087290328 0.7399745680721524 0.5808017484669172 0.7350772129034425 0.5650740415451825 0.7412384016640773 0.5555250766284152 0.751033112001497 0.542044184981214 0.7481894864196655 0.5263164780594793 0.7426602144549931 0.5089036596818445 0.7439240480469183 0.49570361994396 0.7499272576085625 0.4892440260296761 0.7548246127772722 0.4881206183924093 0.7592480303490102 0.4940185084880598 0.7595639887469915 0.5024440657675605 0.7669890110995516 0.5114313268656947 0.7778895758299055 0.5282824414246962 0.7808911806107277 0.5389548139787304 0.7862624733764094 0.5560867804470485 0.7845247021875125 0.5712527835501499 0.7826289517996247 0.6007422340284025 0.7973210173057542 0.6442742799724896 0.7843667229885217 0.6555083563451573 0.7815230974066903 0.6451168357004398 0.7837348061925592 0.6400615013327393 0.7764677630389899 0.6223678310457876 0.7660411359056076 0.6355678707836722
4 0.30252087828790575 0.6831301127434753 0.30539792442568225 0.6636010722931133 0.30801342091457 0.6622061408323732 0.31821385722123235 0.6952195187365565 0.3328606375590038 0.7259080108728395 0.3414917759723334 0.7212582393370391 0.33442993545233646 0.6994043131187769 0.32946049212344974 0.679875272668415 0.33102979001678245 0.661276186525213 0.3307682403678936 0.63105267154251 0.3257987970390068 0.6133835397064682 0.3208293537101201 0.6012941337133869 0.31167511599901293 0.5803701618022848 0.30382862653234965 0.5924595677953661 0.29807453425679653 0.601759110866967 0.29101269373679955 0.6133835397064682 0.283427753919025 0.6259379228531294 0.2876125483012455 0.6459319404570715 0.29179734268346585 0.690569747200756 0.29912073285235163 0.6961494730437167
4 0.5718374660339037 0.4386159138204652 0.5658017049057013 0.41688029539867605 0.5684326777051741 0.3981711554913132 0.5631707321062284 0.3923933328728629 0.5619326272594175 0.3838641661503887 0.5594564175657959 0.3769858058903288 0.5625516796828229 0.368731773578257 0.5650278893764445 0.3643296230118186 0.5634802583179309 0.3516734401333085 0.5634802583179309 0.34149346694841987 0.5644088369530391 0.3351653755091648 0.5656469417998499 0.32993782171151925 0.5704445980812416 0.3291124184803121 0.5747779650450794 0.33709131638198153 0.5743136757275253 0.3417686013588222 0.5865399610897818 0.37203338650308565 0.58978998631266 0.3923933328728629 0.5880875921482952 0.4042241125201659 0.5859209086663764 0.42238298360672394 0.5874685397248898 0.4454942740805251 0.5879328290424439 0.4578753225486329 0.5761708329977415 0.4592509946006448 0.5676588621759173 0.45539911285501133 0.5658017049057013 0.4452191396701227
6 0.6252172862882545 0.3426315239300996 0.6210913435482159 0.31382819466630774 0.6259217155365537 0.2988003707025902 0.6240096932911701 0.27411180276219715 0.6273305740331523 0.2494232348218041 0.6309533530244056 0.23940468551265906 0.6334691717683315 0.2245557642151763 0.6380982782571553 0.22187222422165534 0.6420229554976796 0.22688149887622783 0.6418216899981656 0.24047810151006752 0.6488659824811581 0.25246458014779455 0.6485640842318872 0.2683869174426857 0.6459476327382041 0.288245113394741 0.6425261192464649 0.30041049469870285 0.6489666152309153 0.36427874654450226 0.6318590477722189 0.36570996787438015 0.6325634770205182 0.3607006932198076 0.62129260904773 0.35533361323276563 0.6211919762979731 0.3481775065833764 0.6256198172872827 0.3451361612573859
4 0.8710560230978329 0.8953801404444893 0.8888413992222697 0.8372579962469833 0.8893644985200473 0.8688764426904265 0.9003495837733759 0.9102594093590507 0.8945954914978229 0.9288584955022526 0.895641690093378 0.9414128786489138 0.9163041123555913 0.9353681756523734 0.9058421264000402 0.861901785386726 0.9160425627067026 0.8093593670321805 0.9129039669200373 0.7791358520494776 0.9027035306133748 0.7600717887526955 0.8948570411467116 0.7470524284524542 0.888579849573381 0.7419376797630737 0.8854412537867157 0.7242685479270318 0.8789025125644963 0.7186888220840715 0.8660865797689462 0.7238035707734518 0.8629479839822808 0.736357953920113 0.8663481294178351 0.7582118801383754 0.8710560230978329 0.7596068115991155 0.8681789769600564 0.774021103360097 0.8718406720444993 0.7986648924998394 0.8736715195867206 0.8223787273324219 0.8639941825778359 0.843767676397104 0.8650403811733911 0.8544621509294451 0.8629479839822808 0.873526214226227 0.8543168455689512 0.8846856659121481 0.8551014945156176 0.8977050262123895 0.8590247392489492 0.90281977490177
