5 0.398449970133981 0.5646640275922592 0.40488811533739694 0.563948678125213 0.40549169145021724 0.5718175222627215 0.40066308254765515 0.5718175222627215
4 0.13780246432991253 0.5850514874030768 0.14021676878119355 0.5582258823888432 0.14222868915726106 0.5371230731109795 0.14685610602221633 0.5185239869677777 0.14806325824785682 0.5095821186296998 0.1506787547367446 0.5017132744921913 0.14846564232307033 0.49527512928877526 0.1530930591880256 0.48776395988478993 0.16013478050426191 0.4795374410137583 0.16395742921879017 0.4766760431455734 0.16798126997092522 0.4716685968762498 0.16737769385810494 0.4652304516728337 0.17240749479827372 0.46022300540351013 0.17944921611451004 0.46201137907112577 0.1836742489042518 0.4741723200109116 0.1828694807538248 0.48275651361546634 0.18166232852818429 0.49098303248649783 0.18347305686664506 0.5110128175637922 0.18508259316749906 0.5231737585035781 0.18850285780681383 0.5310426026410866 0.18649093743074632 0.5392691215121181 0.18146113649057752 0.5403421457126876 0.1742182231367345 0.5206700353689163 0.17160272664784673 0.5231737585035781 0.17482179924955474 0.5435612183143955 0.17301107091109402 0.5585835571223663 0.16737769385810494 0.5811170653343225 0.17099915053502646 0.5918473073400158 0.17361464702391424 0.5982854525434319 0.17120034257263325 0.6047235977468479 0.15812286012819438 0.5975701030763857 0.16536577348203743 0.5557221592541813 0.15993358846665515 0.5396267962456414 0.14001557674358678 0.6065119714144636 0.13357743154017077 0.5972124283428626
4 0.36241705329832874 0.5429181184874313 0.36539326687239304 0.5297963235297787 0.37205998527829726 0.5164628867179702 0.37444095613754874 0.5122300496348565 0.3751552473953242 0.4984733291147368 0.37158379110644696 0.4912775060734434 0.37575049011013706 0.46545719986644946 0.38301245123085415 0.45360525603373086 0.3859886648049185 0.4548751071586649 0.386107713347881 0.4468327167007488 0.3893220240078707 0.4447162981591919 0.3926553832108228 0.4445046563050362 0.3955125482419245 0.45000734451308416 0.39598874241377485 0.45931958609593443 0.39622683949969995 0.4663037672830721 0.39967924724561465 0.4798488459490361 0.399560198702652 0.4878912364069523 0.39944115015968945 0.497626761698114 0.4040840433352299 0.5099019892391439 0.40944122776854575 0.5194258726761499 0.4137269753151985 0.5300079653839344 0.4167031888892629 0.5399551325292516 0.417774625775926 0.5456694625914552 0.4136079267722359 0.5454578207372995 0.3926553832108228 0.510536914801611 0.39063155798045895 0.5179443796970601 0.38467913083233024 0.5175210959887487 0.3725361794501476 0.539108565112629 0.37194093673533474 0.5528652856327487 0.36396468435684226 0.5511721507995031
4 0.5650305243879389 0.6324363173890715 0.5650305243879389 0.6171018031403801 0.5611284381728701 0.5973859991063484 0.5644144055118754 0.593004709321008 0.5679057458095684 0.5864327746429975 0.5705755942725103 0.5846072372324389 0.5730400697767642 0.6010370739274654 0.581871107000341 0.6229435228541673 0.5892645335131028 0.639008252067082 0.5935773656455473 0.6357222847280768 0.5933719926868595 0.6240388453005024 0.5902913983065421 0.6178320181046035 0.5868000580088489 0.5973859991063484 0.5824872258764044 0.582051484857657 0.5874161768849124 0.5842421297503272 0.5886484146370394 0.580956162411322 0.5892645335131028 0.5740191202511997 0.5859785661740976 0.565256540680519 0.5843355825045949 0.5564939611098382 0.5822818529177167 0.5459058441285989 0.5810496151655896 0.5367781570758065 0.5746830534462669 0.5261900400945672 0.5685218646856319 0.5181576754881098 0.5658520162226902 0.5163321380775513 0.5650305243879389 0.5086648809532056 0.5613338111315579 0.4991720864183015 0.5549672494122352 0.5024580537573067 0.551475909114542 0.5082997734710939 0.551475909114542 0.5218087503092268 0.5500382984037273 0.5272853625409023 0.5444932285191558 0.542254769307482 0.5422341259735897 0.5550335311813913 0.5469577040234098 0.5674471855731891 0.5504490443211029 0.5751144426975349 0.5520920279906055 0.574749335215423 0.5488060606516002 0.5882583120535559 0.551475909114542 0.5981162140705718 0.5547618764535474 0.6200226629972737 0.5508597902384785 0.6258643827110609 0.5508597902384785 0.6331665323532949 0.5621553029663092 0.6368176071744118
4 0.5229901382585099 0.5616757334424508 0.5180927830898001 0.5319054310548815 0.5124055319261371 0.5366799135132653 0.5101938231402682 0.5290969119617146 0.5130374487220997 0.518705391316997 0.5160390535029218 0.510560685946813 0.5184087414877814 0.5038202401232124 0.5160390535029218 0.4894967927480611 0.5182507622887907 0.47461164155427654 0.5141433031150341 0.47461164155427654 0.5120895735281559 0.4630967132722921 0.512879469523109 0.4538286002648413 0.5147752199109967 0.4504583773530411 0.5182507622887907 0.4470881544412408 0.5234640758554818 0.44821156207850754 0.5258337638403414 0.4571988231766417 0.5285194102231823 0.4633775651816089 0.5378401829636299 0.47264567818905967 0.5466870181071057 0.5001691653020954 0.544791267719218 0.5209522065915306 0.5391040165555551 0.5316245791455648 0.5421056213363772 0.548756545613883 0.5392619957545457 0.564203400626301 0.5357864533767516 0.5672927716287846 0.5337327237898734 0.5627991410797176 0.5357864533767516 0.5540927318909001 0.5305731398100606 0.5352756539666819 0.5278874934272196 0.5363990616039487 0.5331008069939108 0.5776842922735022 0.5177768246918188 0.5785268480014523 0.5180927830898001 0.5701012907219515 0.5228321590595193 0.5675736235381014
4 0.022750176560148026 0.8712710392638905 0.030178805641012683 0.8671440231078545 0.03157167359367481 0.8371543723739934 0.03451217260485041 0.8107414689753637 0.039619355097944856 0.7868047752703553 0.044262248273485266 0.7702967106462115 0.04704798417880952 0.7345292372939002 0.05246469288360666 0.7189262143814577 0.058655217117660544 0.7136986605838122 0.05880998022351189 0.6938889830348396 0.06329811029320095 0.687836026005987 0.07289342285598448 0.6859100851331702 0.07691726360811951 0.6925133109828278 0.07831013156078163 0.7090213756069713 0.07815536845493029 0.7131483917630074 0.08697686548845705 0.7255294402311151 0.08697686548845705 0.7398364295720395 0.08898878586452458 0.7524926124505498 0.09084594313474074 0.7604715103522192 0.08836973344111917 0.7701012147163031 0.08450065579483551 0.7791806502595819 0.07954823640759241 0.7800060534907893 0.08635781306505168 0.8141227203806862 0.09192928487570018 0.8559431507618502 0.09471502078102441 0.8630966454323127 0.09146499555814615 0.8823560541604804 0.08651257617090302 0.8823560541604804 0.0663933724102279 0.8097205698142479 0.06360763650490366 0.8020168063229811 0.05927426954106594 0.8097205698142479 0.05200040356605262 0.8094454354038456 0.03946459199209351 0.8878587423685282 0.021821597925039946 0.8853825326749066
4 0.6232550193622719 0.5394024101021033 0.6257312290558934 0.5374764692292865 0.6265050445851502 0.5223440766571548 0.6280526756436637 0.4970317109001345 0.6308384115489879 0.4824495871488076 0.6248026504207854 0.4761214957095525 0.6193859417159883 0.47254474837432137 0.6193859417159883 0.45961343108540875 0.6271240970085555 0.4510842643629346 0.6251121766324881 0.4420048288196556 0.6244931242090827 0.4309994524035597 0.6286717280670691 0.4241210921434998 0.6362551202537851 0.42357082332269513 0.6395051454766634 0.43567673738040047 0.6477075900867847 0.45218480200454414 0.6528147725798792 0.4791479742239788 0.6508028522038117 0.49235442592329387 0.6458504328165685 0.500883592645768 0.6439932755463524 0.5105132970098518 0.6458504328165685 0.5303229745588243 0.6466242483458253 0.5385770068708962 0.6350170154069743 0.5394024101021033 0.6311479377606907 0.5504077865181991 0.6234097824681233 0.5501326521077966 0.6218621514096098 0.5432542918477369
4 0.6567722862866493 0.5239555782037975 0.6662791627889463 0.5168806933648786 0.6622995400670546 0.4999795795830173 0.6585410074963789 0.4756105318045194 0.6587620976475951 0.458709418022658 0.6647315317304329 0.4555650247609164 0.6669424332425948 0.4366986651904665 0.6627417203694869 0.4209766988817583 0.6543402946232709 0.4123296174119686 0.6439490575161089 0.41115046993881565 0.6401905249454335 0.39935899520728435 0.6313469188967851 0.40328948678446147 0.629136017384623 0.4170462073045812 0.6342210908625958 0.4201906005663228 0.6379796234332713 0.4205836497240405 0.6401905249454335 0.43080292782470087 0.6439490575161089 0.4406291567676435 0.651245032506244 0.4598885654958112 0.6543402946232709 0.4787549250662611 0.6536770241696224 0.4917255472709454 0.6543402946232709 0.5101988576836777
6 0.7406510288788016 0.4373640939091412 0.7374460409026601 0.40840049886549257 0.7382472878966954 0.38608428629087804 0.7373124997369875 0.3661421388837757 0.7383808290623679 0.3580703173142343 0.7371789585713148 0.34904886967768795 0.7370454174056423 0.3397900155243904 0.7425206051982174 0.3376533568736295 0.746259757837049 0.3426388937254051 0.7466603813340668 0.35213515439545384 0.7508001574699162 0.36400548023301466 0.753203898452022 0.3787246842715903 0.7530703572863495 0.392494262243161 0.7508001574699162 0.40935012493249745 0.7489305811505003 0.42027082470305355 0.7502659928072258 0.4392633460431509 0.7516014044639515 0.4497092327802045 0.751067239801261 0.4554069891822337 0.7403839465474563 0.4565940217659899 0.739582699553421 0.4506588588472094 0.7363777115772795 0.4478099806461948 0.7365112527429521 0.442587037277668
3 0.772967990971561 0.5178449030878042 0.7717661204805079 0.5038379185994823 0.7641542740371721 0.503600512082731 0.7641542740371721 0.4824713320918727 0.7692288383327291 0.47487432355583364 0.7717661204805079 0.47368729097207757 0.7713654969834903 0.4565940217659899 0.7704307088237823 0.4499466392969558 0.7731015321372336 0.44282444379441926 0.7781760964327907 0.4411625981771607 0.7836512842253659 0.444723695928429 0.7855208605447818 0.4499466392969558 0.7942010363134981 0.4606299325507607 0.7959370714672415 0.46490324985228254 0.79794018895233 0.46656509546954106 0.8011451769284713 0.46680250198629225 0.8038160002419226 0.47914764085735556 0.8043501649046128 0.49552869051318965 0.7972724831239671 0.5097730815182627 0.7905954248403388 0.5211685943223212 0.7913966718343743 0.5430099938634333 0.793666871650808 0.5603406695862722 0.7879246015268877 0.5627147347537844 0.7745704849596317 0.5589162304857649 0.7767071436103927 0.5458588720644479 0.7724338263088708 0.5406359286959211 0.769629461829747 0.5266289442075992
