4 0.42720185142707334 0.6104067774297327 0.45838661725611973 0.6157718984325793 0.44893059148860237 0.5875155944842535 0.44792463130056875 0.5470983495961416 0.4471198631501416 0.5027466826392756 0.45798423318090625 0.4830745722955043 0.46583072264756953 0.47627875235856515 0.46180688189543445 0.46125641355059444 0.4493329755638159 0.4605410640835481 0.44631509499971456 0.4637601366852562 0.4445043666612538 0.44265732740739255 0.4439007905484336 0.42727731386589857 0.44048052590911885 0.4118973003244048 0.4346459568185231 0.40617450458803495 0.4267994673518598 0.41404334872554344 0.4251899310510058 0.4290656875335142 0.4239827788253653 0.4448033758085312 0.4163374813963088 0.4766364270920882 0.4197577460356235 0.5077541289085991 0.42579350716382597 0.5259955403182779 0.4292137718031408 0.5417332285932949 0.42720185142707334 0.5842965218825453
4 0.5267919100424152 0.4895127174989204 0.5320229030201906 0.48665131963073543 0.5199513807637857 0.44086895373977697 0.5221644931774599 0.4269196391323756 0.5271942941176286 0.44015360427273076 0.5376562800731797 0.4634024619517331 0.549526610291978 0.4873666690977817 0.5549587953073604 0.48665131963073543 0.5521421067808658 0.4752057281579959 0.5467099217654836 0.45124152101194726 0.5404729685996743 0.4304963864676068 0.5340348233962582 0.3990210099175727 0.5392658163740338 0.3882907679118793 0.5368515119227527 0.37040703123572366 0.5296085985689096 0.35323864402661426 0.5169335001996843 0.3475158482902444 0.5100929709210548 0.34572747462262887 0.5084834346202007 0.3332088589493199 0.5044595938680658 0.3264130390123807 0.497820256627043 0.327128388479427 0.4964119123637958 0.3385739799521666 0.4990274088526835 0.3478735230237675 0.4917844954988404 0.3653995849664 0.48534635029542444 0.40009403411814204 0.4835356219569637 0.4244159159977138 0.4901749591979865 0.4365768569374996 0.49600952828858225 0.4118973003244048 0.4990274088526835 0.38936379211244865 0.504258401830459 0.4043861309204194 0.5056667460937062 0.44337267687443876 0.5161287320492574 0.47699410182561136
4 0.6036472684081942 0.6801533504667396 0.618334287153487 0.6733575305298005 0.615115214551779 0.655831468587168 0.6106889897244304 0.6576198422547835 0.6062627648970819 0.6164872478996255 0.6024401161825536 0.5671281346734359 0.6090794534235765 0.5735662798768519 0.6082746852731494 0.5435216022609104 0.6122985260252845 0.5145499488455383 0.6098842215740035 0.49130109116653586 0.6014341559945199 0.47985549969379626 0.6002270037688794 0.47127130608924156 0.5994222356184523 0.45875269041593264 0.5937888585654634 0.45624896728127085 0.5875519053996541 0.4558912925477477 0.5857411770611933 0.46769455875401045 0.5797054159329907 0.4755634028915189 0.5712553503535072 0.4923741153671053 0.5646160131124844 0.5131192499114458 0.5726636946167545 0.5360104328569251 0.56984700609026 0.5707048820086671 0.5656219733005182 0.61469887423201 0.5533492590065063 0.6518970465184136 0.5571719077210345 0.6672770600599077 0.5851376009483731 0.5943114144211925 0.5992210435808456 0.6540430949195525
4 0.5630064768116304 0.4748480534244728 0.5599885962475292 0.4544605936136554 0.56984700609026 0.4480224484102393 0.5748768070304286 0.4515991957454703 0.5793030318577772 0.4651908356193487 0.5821197203842718 0.46805223348753366 0.5716577344287207 0.4862936448972124 0.5634088608868439 0.516695997246677 0.5686398538646195 0.5360104328569251 0.5680362777517992 0.5821504734814067 0.5654207812629114 0.6003918848910855 0.5567695236458211 0.53887183072511 0.5537516430817199 0.5102578520432609 0.555964755495394 0.48808201856482797
4 0.2714032988053778 0.6421353920745364 0.29076703491023037 0.6583044377109117 0.2966348337298827 0.6556965271243995 0.2919405946741609 0.6317037497284879 0.28783313550040424 0.624401600086254 0.28783313550040424 0.5936282551654108 0.29076703491023037 0.5524232678985191 0.2928207644971087 0.520606758743071 0.3045563621364133 0.5326031474410269 0.3113043307790134 0.5378189686140512 0.3148250100708048 0.5237362514468856 0.30925060119213515 0.5086103700451153 0.30132907278560456 0.5002650561682764 0.2966348337298827 0.4861823390011109 0.29223398461514344 0.46688380066092117 0.28841991538236944 0.46062481525329196 0.28724635561843903 0.4454989338515216 0.2807917769168215 0.4303730524497513 0.27257685856930824 0.43350254515356584 0.26758922957260384 0.44184785903040463 0.26934956921849945 0.4564521583148726 0.2652421100447429 0.4658406364263163 0.2573205816382123 0.47888018935887694 0.255266852051334 0.49870030981636915 0.25262634258249045 0.5299952368545148 0.2537999023464209 0.5555527606023336 0.2623082106349167 0.5638980744791725 0.2699363491004647 0.5837181949366648 0.2716966887463604 0.6160562862094151
4 0.05721103849160992 0.7824409816288892 0.0786285041833408 0.7725309214001431 0.08449630300299311 0.7547971294118606 0.0824425734161148 0.7401928301273926 0.0745210450095842 0.730804352015949 0.07569460477351465 0.697944678625896 0.06982680595386237 0.660912348297424 0.06982680595386237 0.6447433026610486 0.07921528406530604 0.6468296311302582 0.08772359235380188 0.6322253318457903 0.0824425734161148 0.6197073610305321 0.06982680595386237 0.6165778683267176 0.0727607053636885 0.577980791646338 0.07804172430137558 0.5534664321331239 0.07569460477351465 0.5445995361389827 0.07129375565877544 0.5362542222621438 0.05897137813750561 0.5357326401448415 0.053983749140801146 0.5445995361389827 0.05427713908178377 0.5592038354234506 0.04459527102935748 0.5712002241214065 0.03608696274086164 0.596236165751923 0.0352067929179138 0.6290958391419758 0.04136798167854872 0.667171333705053 0.048996120144096704 0.6770813939337991 0.05339696925883593 0.711505813675759 0.054570529022766386 0.7605345327021873
4 0.19187702140263022 0.9989568357653951 0.22092262555990913 0.9984352536480927 0.21006719774355231 0.9040288904163534 0.22209618532383957 0.8842087699588612 0.2215094054418743 0.8565649177418326 0.21300109715337848 0.8482196038649937 0.20654651845176097 0.8231836622344774 0.19510431075343895 0.8169246768268482 0.19334397110754328 0.7960613921347511 0.18864973205182145 0.7767628537945614 0.17691413441251685 0.7757196895599566 0.1692859959469689 0.788759242492517 0.17075294565188195 0.8101441093019167 0.1625380273043687 0.82161891588257 0.1525627693109598 0.8450901111611792 0.15050903972408147 0.8925540838357 0.1563768385437338 0.9275000856949628 0.1663520965371427 0.9426259670967331 0.18688939240592575 0.9827877901290197
6 0.2869353622809974 0.9973920894134877 0.3092329977956762 0.9989568357653951 0.3426794510676943 0.9379317280410112 0.35236131912012053 0.9473202061524549 0.35441504870699897 0.9817446258944149 0.3573489481168251 0.9994784178826975 0.37025810552006017 0.9968705072961852 0.37231183510693844 0.9332374889852892 0.36351013687746 0.8909893374837928 0.3937293007986693 0.8795145309031394 0.3969565901494781 0.8476980217476914 0.37817963392659076 0.8476980217476914 0.37641929428069504 0.8174462589441507 0.3728986149889037 0.7746765253253516 0.36262996705451217 0.7746765253253516 0.35470843864798157 0.7856297497887026 0.355881998411912 0.8007556311904729 0.3435596208906421 0.8169246768268482 0.3335843628972332 0.851870678686111 0.3250760546087374 0.8862950984280709 0.31539418655631113 0.9207195181700311 0.3133404569694328 0.9457554598005475 0.29837756997931947 0.9713129835483663
6 0.6155320961815263 0.4871576975604664 0.6278544737027961 0.4835066227393495 0.6216932849421611 0.44282321758976023 0.626387523997883 0.40213981244017094 0.6272676938208308 0.3598916609386744 0.6213998950011785 0.35363267553104527 0.6202263352372481 0.3385067941292749 0.6146519263585785 0.32442407696210934 0.6076105677749957 0.3312046444870409 0.6055568381881173 0.3458089437715089 0.6023295488373086 0.41100670843431225 0.6026229387782912 0.4522116957012039
4 0.7776074721456595 0.6042764971764494 0.785453961612323 0.5963718855655886 0.7708071812745514 0.531275084064382 0.7972236958123178 0.6112511544801501 0.8053317349278699 0.6093912458658299 0.8042855363323149 0.5917221140297881 0.8014084901945382 0.5898622054154679 0.7948697489723188 0.551269101668324 0.7844077630167677 0.5061663177710595 0.7802229686345474 0.4954718432387184 0.7857155112612116 0.47826768855625656 0.785453961612323 0.45780869379873457 0.7765612735501045 0.4457192878056533 0.7692378833812189 0.4387446305019526 0.7647915393501096 0.4154957728229503 0.757206599532335 0.4117759555943099 0.7530218051501147 0.422005452973071 0.7540680037456698 0.43967458480911276 0.748052361821228 0.45269394510935407 0.7430829184923411 0.4764077799419365 0.7449137660345626 0.5043064091567393 0.7443906667367851 0.5173257694569807 0.7451753156834513 0.5331349926787022 0.7504063086612269 0.5396446728288229 0.755114202341225 0.5340649469858624 0.7697609826789964 0.5907921597226281
