4 0.6070724017990131 0.6836467345518288 0.6280538571494314 0.6872234818870598 0.6280538571494314 0.6325503440485268 0.6378260418331879 0.6131337156572721 0.6498975640895928 0.6529889002498476 0.653346570448566 0.6667849256857391 0.649610146893012 0.6744493842612342 0.6565081596109575 0.6846686623618947 0.6659929270981331 0.6816028789316967 0.6588074971836062 0.638681910908923 0.6527717360554037 0.6228420298528995 0.6504723984827553 0.5814539535452249 0.6366763730468635 0.5472193719080126 0.6228803476109721 0.5339343103771542 0.6197187584485804 0.5221821405613947 0.6093717393716617 0.5242259961815268 0.6064975674058509 0.5354672020922533 0.6093717393716617 0.5507961192432438 0.6113836597477291 0.555394794388541 0.606784984602432 0.582986845260324 0.6059227330126888 0.6070021487968759 0.6033359782434592 0.6274407049981966 0.6073598189955942 0.639192874813956 0.614545248910121 0.6248858854730316 0.6154075004998643 0.6545217919649466 0.6113836597477291 0.664230106160574
4 0.5024525422435024 0.8384687977768336 0.5038896282264078 0.7817518043181684 0.5099253893546104 0.7643790315470457 0.5208472428246911 0.7853285516533997 0.5332061822776772 0.8011684327094233 0.5383796918161367 0.821096025005711 0.5438406185511769 0.8354030143466354 0.551888300055447 0.823650844530876 0.5412538637819473 0.7914601185137957 0.5306194275084477 0.7664228871671779 0.5260207523631504 0.7347431250551307 0.5214220772178533 0.7102168576135458 0.5148114816964886 0.6800699872165977 0.5061889657990565 0.6729164925461355 0.5024525422435024 0.6555437197750128 0.496704198311881 0.6483902251045506 0.4909558543802595 0.6540108280599138 0.48779426521786773 0.6637191422555411 0.48923135120077305 0.6770042037863996 0.48089625249992196 0.6918221570323569 0.47687241174778694 0.7143045688538101 0.4751479085683005 0.7250348108595033 0.4837704244657327 0.7357650528651967 0.49124327157684067 0.7403637280104938 0.4918181059700027 0.7766421652678384 0.4900936027905163 0.8067890356647864 0.4898061855939353 0.8205850611006779 0.4860697620383812 0.8302933752963052 0.49124327157684067 0.8394907255868996 0.4984287014913674 0.8440894007321968
4 0.3509363970254904 0.8134545368125662 0.3713430179827466 0.7592923628790663 0.3753668587348817 0.7541827238287361 0.3842767918288949 0.7603142906891323 0.3880132153844489 0.7720664605048918 0.39059997015367853 0.7965927279464766 0.3928993077263271 0.8170312841477974 0.39749798287162436 0.8236738149132268 0.40295890960666464 0.8134545368125662 0.4018092408203404 0.7935269445162786 0.4032463268032458 0.7633800741193304 0.39979732044427296 0.7362989871525805 0.39433639370923246 0.7225029617166889 0.3934741421194893 0.7112617558059624 0.39979732044427296 0.7163713948562926 0.4049708299827322 0.7281235646720521 0.41043175671777266 0.7337441676274153 0.4193416898117858 0.7260797090519201 0.415892683452813 0.7133056114260945 0.40813241914512394 0.7025753694204012 0.39721056567504315 0.6765162102637173 0.3857138778118002 0.6683407877831888 0.3880132153844489 0.6530118706321982 0.3825522886494085 0.6407487369114058 0.3776661963075302 0.6427925925315379 0.372780103965652 0.6519899428221323 0.37249268676907094 0.6642530765429249 0.36846884601693586 0.6739613907385521 0.360995998905828 0.6882683800794765 0.3529483174015579 0.7097288640908634 0.3546728205810444 0.7260797090519201 0.35840924413659836 0.7480511569683398 0.35151123141865254 0.7771760995552219 0.3460503046836122 0.7996585113766748 0.34145162953831504 0.8160093563377313 0.3437509671109636 0.8241847788182598
4 0.771790745914628 0.6346171700510096 0.7844371025641951 0.5978277688886323 0.8019695515556406 0.6627201848278257 0.8065682267009378 0.6570995818724624 0.8039814719317081 0.6279746392855804 0.7988079623932488 0.588630418598038 0.8062808095043568 0.5870975268829389 0.8039814719317081 0.5676808984916841 0.7979457108035056 0.5426436671450662 0.7939218700513707 0.5242489665638775 0.79104769808556 0.5068761937927548 0.7850119369573573 0.5002336630273256 0.7784013414359926 0.511474868938052 0.7789761758291547 0.5206722192286464 0.770928494324885 0.5293586056142077 0.7689165739488173 0.5411107754299672 0.7692039911453983 0.5589945121061228 0.7703536599317227 0.5738124653520803 0.7694914083419795 0.5896523464081039 0.772078163111209 0.5968058410785662 0.7646053160001012 0.6233759641402833 0.7628808128206147 0.6361500617661087
4 0.8534172297436526 0.6601653653026606 0.8692251755556117 0.6555666901573635 0.8649139176068956 0.6100909026094247 0.8729615991111658 0.5937400576483682 0.8758357710769765 0.6075360830842597 0.8833086181880845 0.643303556436571 0.8896317965128681 0.6555666901573635 0.8950927232479082 0.6514789789170993 0.893655637265003 0.6341062061459767 0.8881947105299627 0.5952729493634672 0.8856079557607329 0.5768782487822784 0.889056962119706 0.5646151150614861 0.8847457041709897 0.5385559559048021 0.8772728570598819 0.5201612553236133 0.8732490163077468 0.510452941127986 0.8735364335043277 0.5022775186474577 0.8720993475214225 0.49052534883169835 0.8634768316239902 0.48950342102163225 0.8560039845128824 0.4971678795971275 0.854566898529977 0.5124967967481181 0.8571536532992067 0.5165845079883823 0.8537046469402338 0.5293586056142077 0.8522675609573285 0.5349792085695709 0.8456569654359637 0.536001136379637 0.8407708730940855 0.5431546310500992 0.8459443826325448 0.5564396925809577 0.8531298125470717 0.5513300535306276 0.8574410704957878 0.5513300535306276 0.8594529908718553 0.5727905375420144 0.8562914017094634 0.5896523464081039 0.8528423953504907 0.6039593357490285 0.854854315726558 0.6243978919503492 0.8554291501197201 0.6407487369114058 0.8516927265641663 0.6499460872020002
4 0.21153905668366987 0.5891413825030709 0.2264847509058857 0.5845427073577738 0.24085561073493938 0.5503081257205614 0.24890329223920943 0.5334463168544719 0.2526397157947634 0.5211831831336794 0.2558013049571552 0.5324243890444058 0.25522647056399306 0.5492861979104954 0.26212448328193877 0.5508190896255944 0.2649986552477495 0.5227160748487785 0.26384898646142524 0.5058542659826888 0.25522647056399306 0.4971678795971275 0.25005296102553376 0.4905253488316983 0.24890329223920943 0.4772402873008398 0.24746620625630406 0.4700867926303775 0.24056819353835826 0.46957582872534454 0.2362569355896422 0.47775125120587275 0.23654435278622327 0.4864376375914341 0.22820925408537218 0.4941020961669294 0.22504766492298034 0.5089200494128869 0.2230357445469128 0.5216941470387124 0.2181496522050346 0.5426436671450662 0.21182647388025097 0.5702357180168492
4 0.17589932430761682 0.5743234292571134 0.19601852806829195 0.5467313783853304 0.20406620957256197 0.5145406523682501 0.20981455350418346 0.5063652298877218 0.21671256622212925 0.5140296884632172 0.21958673818793997 0.4797951068260049 0.21901190379477783 0.4593565506246841 0.21642514902554816 0.4486263086189907 0.2181496522050346 0.43380835537303314 0.21182647388025097 0.4276767885126369 0.20349137517939986 0.42818775241766993 0.2026291235896566 0.4389179944233634 0.19831786564094053 0.45067016423912276 0.19055760133325156 0.4675319731052124 0.18739601217085972 0.48234992635116997 0.18710859497427867 0.5002336630273256 0.18739601217085972 0.5155625801783162 0.1793483306665897 0.5431546310500992
4 0.430536057513582 0.6123444087636475 0.43969029522468916 0.6183891117601882 0.4464905860957974 0.598395094156246 0.4561679231046821 0.6002550027705662 0.4556448238069046 0.578401076552304 0.4556448238069046 0.5430628128802204 0.4559063734557933 0.5123743207439373 0.4517215790735729 0.4849406686827146 0.4579987706469036 0.4742461941503734 0.4511984797757953 0.45750701662149174 0.43995184487357797 0.45564710800717156 0.4307976071624708 0.44634756493557065 0.4226895680469187 0.4584369709286518 0.4229511176958075 0.48029089714691403 0.4226895680469187 0.4979600289829559 0.43184380575802594 0.5198139552012181 0.4370747987358014 0.5356231784229397 0.4357670504913576 0.5728213507093435 0.4321053554069147 0.5960702083883458 0.4297514085669157 0.6072296600742669
3 0.3877523366375424 0.5495760098733966 0.39952636835911565 0.5399408234204689 0.41092662129587715 0.5170157246186753 0.42101864848579706 0.5233284329843866 0.4208317590933912 0.48711342183372713 0.4219530954478267 0.45887235809238724 0.4219530954478267 0.4419277198475833 0.4170939712452727 0.4346182680557071 0.41036595311865937 0.43229253339465556 0.40793639101738227 0.44591469355224306 0.40270348803001643 0.4528918975353976 0.39522791233377935 0.4635238274144903 0.3890605623843839 0.47947172223312934 0.38999500934641346 0.510703016252964 0.3868178896755127 0.5392763278030256
6 0.6113952980136715 0.42988798108066006 0.6213118780188839 0.42920992432816696 0.6205490641723291 0.3959851434560024 0.6304656441775415 0.42378547030822167 0.6297028303309867 0.43938077561556427 0.6380937826430895 0.4373466053580848 0.6419078518758634 0.42514158381320805 0.6304656441775415 0.394629029951016 0.6316098649473737 0.3668287030987967 0.6277957957145998 0.3512333977914542 0.6224560987887161 0.3213989006817554 0.6228375057119936 0.30783776563189225 0.6159721810930003 0.3071597088793991 0.6094882633972845 0.3159744466618101 0.6125395187835038 0.32750141145419376 0.6140651464766134 0.3322478087216459 0.6121581118602263 0.3444528302665226 0.6159721810930003 0.3607261923263583 0.6133023326300585 0.38920457593107083 0.6121581118602263 0.40683405149589286 0.6140651464766134 0.4183610162882765
