4 0.48946633200401 0.59799879412825 0.49522042427956314 0.609158245814171 0.5072517081284468 0.6156679259642917 0.5195445416262193 0.6100882001213311 0.516405945839554 0.5970688398210898 0.5124827011062224 0.5961388855139297 0.510651853564001 0.5849794338280087 0.5085594563728908 0.5575457817667858 0.5096056549684458 0.5403416270843241 0.5135288997017775 0.5389466956235839 0.513005800404 0.520347609480382 0.513005800404 0.49198400311199914 0.4975743711195621 0.4594356023613958 0.49365112638623043 0.4408365162181939 0.4897278816528988 0.43153697314659295 0.48083519359068044 0.4343268360680732 0.4774350481551263 0.4496710821362148 0.4779581474529039 0.4603655566685559 0.47298870412401717 0.47710473419743754 0.4722040551773508 0.5166277922517416 0.4737733530706834 0.5296471525519829 0.4763888495595712 0.5352268783949435 0.48214294183512435 0.5701001649134471
4 0.4323415696131477 0.7737219835571985 0.454311740119805 0.7727920292500385 0.45509638906647126 0.7611676004105372 0.4697431694042427 0.7565178288747368 0.4684354211597989 0.7425685142673353 0.46163513028869063 0.7346639026564745 0.46268132888424574 0.6881661872984698 0.4587580841509142 0.670032078308848 0.46268132888424574 0.6523629464728063 0.46137358063980194 0.6379486547118248 0.4611120309909131 0.6133048655720823 0.4618966799375795 0.5849412592036993 0.4611120309909131 0.5579725842960567 0.454311740119805 0.5468131326101355 0.4456806017064754 0.5519278812995161 0.4454190520575865 0.5677371045212377 0.44463440311092023 0.5775016247464186 0.4362648143464794 0.5919159165074 0.42527972909315076 0.6281841344866438 0.4278952255820385 0.6570127180086067 0.43652636399536815 0.6756118041518087 0.43548016539981305 0.709555136363152 0.43338776820870284 0.7453583771888157
4 0.2722731844932164 0.7183897022811727 0.27985812431099094 0.7155998393596927 0.2869199648309879 0.6537578779335464 0.2999974472754267 0.7076952277488319 0.31124408217764415 0.7021155019058714 0.30208984446653697 0.6239993401044234 0.32562931286652685 0.6384136318654048 0.3282448093554146 0.6267892030259037 0.31019788358208905 0.6030753681933213 0.3067977381465349 0.5756417161320984 0.30104364587098187 0.5654122187533374 0.3033975927109808 0.5519278812995161 0.3002589969243155 0.5356536809242144 0.29241250745765224 0.5342587494634742 0.28718151447987667 0.5407684296135948 0.2858737662354328 0.5523928584530962 0.2848275676398777 0.5607624472175369 0.2769810781732144 0.5677371045212377 0.27148853554655006 0.5891260535859197 0.26965768800432866 0.6091200711898619 0.26991923765321746 0.6202795228757829 0.27148853554655006 0.6463182434762657 0.2709654362487725 0.6718919869231682
4 0.2845660179909889 0.8969409292559111 0.30392069200875843 0.9025206550988717 0.3258908625154156 0.8211496532223633 0.3308603058443024 0.8262644019117438 0.32327536602652784 0.8839215689556696 0.33582974917318914 0.8908962262593704 0.346553284777629 0.8922911577201107 0.34524553653318507 0.8750870030376489 0.33739904706652185 0.8629975970445676 0.34419933793763 0.8285892876796441 0.3468148344265177 0.8067353614613819 0.33818369601318815 0.7858113895502798 0.33138340514207987 0.7723270520964585 0.34890723161762793 0.7853464123966998 0.34890723161762793 0.7588427146426371 0.3410607421509646 0.7448934000352359 0.3389683449598544 0.7025804790594513 0.34236849039540856 0.6881661872984699 0.34053764285318716 0.6681721696945279 0.33138340514207987 0.659802580930087 0.32484466391986044 0.6709620326160082 0.32092141918652883 0.6849113472234096 0.32144451848430644 0.6918860045271102 0.3094132346354227 0.7109500678238923 0.30104364587098187 0.7300141311206741 0.30182829481764817 0.7500081487246161 0.3028744934132033 0.7709321206357183 0.3067977381465349 0.8225445846831034 0.2887508123732093 0.8653224828124678 0.2824736207998787 0.8927561348736905
4 0.43835721153758955 0.9981400913856798 0.4519577932798059 0.9990700456928399 0.46032738204424684 0.9595469876385357 0.4762819106264622 0.9934903198498791 0.48857474412423474 0.9939552970034592 0.4778512085197948 0.9037497292089302 0.4875285455286795 0.8953801404444893 0.4909286909642337 0.8800358943763478 0.48386685044423655 0.8595768996188257 0.4663430239686887 0.8363280419398231 0.4605889316931355 0.8395828820148836 0.46032738204424684 0.8219137501788417 0.4587580841509142 0.8102893213393406 0.45352709117313855 0.8047095954963801 0.4475114492486967 0.8130791842608209 0.4441113038131427 0.8237736587931619 0.44463440311092023 0.8353980876326632 0.4482960981953631 0.843302699243524 0.4326031192620365 0.8642266711546261 0.4281567752309272 0.8842206887585681 0.4192640871687089 0.8814308258370878 0.4142946438398221 0.8842206887585681 0.42004873611537513 0.9056096378232503 0.4305107220709262 0.9149091808948512 0.44044960872869976 0.9139792265876912 0.4412342576753661 0.943272787263234
4 0.7719287061689868 0.6360887460975045 0.7894525326445347 0.6267892030259037 0.7813444935289824 0.6044702996540613 0.7810829438800938 0.5779666018999987 0.7755904012534296 0.5300739550812539 0.7894525326445347 0.5458831783029755 0.7952066249200879 0.5370486123849545 0.7863139368578694 0.5124048232452121 0.7860523872089806 0.48590112549114933 0.7774212487956508 0.47102185657658785 0.7719287061689868 0.4673020393479475 0.7734980040623192 0.4547476562012862 0.7685285607334326 0.44684304459042534 0.762251369160102 0.44823797605116555 0.7580665747778813 0.4570725419691864 0.758589674075659 0.46869697080868766 0.7520509328534396 0.47985642249460875 0.7460352909289978 0.49380573710201014 0.74341979444011 0.5133347775523722 0.7476045888223304 0.5296089779276738 0.7596358726712141 0.5644822644461773 0.7619898195112131 0.6035403453469013 0.7693132096800989 0.6170246828007226
4 0.8477781043467318 0.5849412592036994 0.8624248846845033 0.5942408022753003 0.8700098245022778 0.5375135895385346 0.875502367128942 0.5565776528353166 0.8710560230978329 0.5649472415997574 0.873409969937832 0.5765716704392585 0.8880567502756036 0.580291487667899 0.8815180090533841 0.5291440007740937 0.8883182999244922 0.5096149603237318 0.893287743253379 0.4984555086378107 0.89093379641338 0.4784614910338686 0.8867490020311596 0.4542826790477062 0.8741946188844981 0.43847345582598457 0.869748274853389 0.4245241412185832 0.8632095336311697 0.4194093925292026 0.8556245938133952 0.42591907267932333 0.8537937462711738 0.43661354721166434 0.8571938917067279 0.44730802174400547 0.8537937462711738 0.46172231350498694 0.8537937462711738 0.4784614910338686 0.8519628987289523 0.4886909884126297 0.8417624624222898 0.4933407599484301 0.8396700652311797 0.511009891784472 0.8438548596134002 0.5170545947810126 0.8527475476756186 0.5091499831701517 0.8637326329289472 0.49566564571633037 0.8626864343333921 0.5091499831701517 0.8571938917067279 0.5496029955316158 0.8519628987289523 0.5756417161320984
6 0.4245907724446914 0.43196377567586386 0.4350527584002425 0.4314987985222838 0.438976003133574 0.4119697580719218 0.4436838968135721 0.4170845067613023 0.4476071415469037 0.4263840498329033 0.45493053171578945 0.4212693011435228 0.4520534855780129 0.40592505507538124 0.4442069961113496 0.3757015400926782 0.44054530102690675 0.34129323072775464 0.4334834605069098 0.33943332211343447 0.42799091788024557 0.3501277966457756 0.43112951366691077 0.3622172026388568 0.4269447192846904 0.3766314943998383 0.42537542139135776 0.3998803520788406 0.42354457384913624 0.4240591640650031
3 0.39268171528026063 0.5017103487128709 0.4102055417558087 0.5277490693133535 0.45336123382245674 0.5300739550812538 0.4690542127557834 0.5165896176274324 0.47245435819133746 0.4700919022694277 0.4763776029246691 0.4584674734299265 0.4732390071380038 0.44684304459042534 0.46382321977800783 0.4561425876620263 0.4591153260980099 0.4696269251158477 0.4491764394402364 0.48078637680176883 0.43662205629357514 0.4835762397232491 0.42668316963580144 0.4854361483375693 0.41099019070247494 0.483111262569669 0.39634341036470344 0.4882260112590495
4 0.5048865146535457 0.46869697080868755 0.49337833010243964 0.432893729983024 0.4810854966046671 0.42917391275438355 0.4750698546802253 0.4389384329795646 0.4745467553824477 0.41057482661118166 0.4789930994135569 0.3961605348502002 0.4850087413379987 0.39197574046797984 0.482393244849111 0.3752365629390981 0.49023973431577433 0.37244670001761776 0.49494762799577224 0.3757015400926782 0.49520917764466105 0.38686099177859923 0.5009632699202141 0.39244071762155985 0.5051480643024345 0.4101098494576017 0.5153485006090969 0.43335870713660396 0.5213641425335387 0.4445181588225251 0.5211025928846499 0.45474765620128615 0.51037905728021 0.4514928161262259 0.5043634153557682 0.44079834159388476
4 0.5296380389997726 0.4538177018941261 0.5440232696886553 0.45288774758696604 0.5563161031864278 0.4705568794230078 0.5602393479197595 0.4519577932798059 0.5500389116130971 0.4305688442151237 0.559716248621982 0.3998803520788406 0.5563161031864278 0.374306608631938 0.5437617200397665 0.3482678880314553 0.5393153760086573 0.3347835505776339 0.5312073368931053 0.3333886191168938 0.5238839467242196 0.34408309364923495 0.5283302907553288 0.3598923168709565 0.5322535354886604 0.3622172026388568 0.5314688865419941 0.3710517685568777 0.525714794266441 0.3789563801677385 0.5275456418086624 0.39197574046797984 0.5335612837331043 0.3943006262358801 0.5309457872442165 0.4101098494576017 0.5317304361908828 0.4282439584472235 0.5338228333819931 0.43661354721166434
