4 0.3186856608245086 0.5536378135852271 0.33258275604381315 0.5440923340406543 0.32058071926350473 0.4958034375210502 0.3250025222878289 0.47109749046450866 0.32847679609265507 0.4581830181394983 0.3332144421901453 0.44414554822100866 0.3246866792146628 0.4160706083840297 0.3130004855075203 0.4070866276361964 0.3079469963368641 0.4059636300427172 0.30826283941003013 0.3924876589209674 0.30163013487354384 0.3902416637340089 0.2962608026297216 0.3941721553111861 0.29404990111755946 0.40877112402641513 0.2924706857517294 0.4228085939449047 0.2845746089225791 0.4447070470177483 0.28583798121524306 0.4553755241558004 0.2912073134590653 0.4553755241558004 0.2994192333613817 0.4418995530340505 0.3073153101905321 0.462675008513415 0.3038410363857059 0.48008147121234196 0.3101578978490262 0.5092794086428002 0.31268464243435434 0.5205093845775918 0.30636778097103406 0.5250013749515084 0.31236879936118833 0.5317393605123835 0.3177381316050106 0.5334238569026022 0.3142638578001844 0.5468998280243521
4 0.07674986677934151 0.5047874182688836 0.06790626073069311 0.4901884495536544 0.07138053453551928 0.46492100370037337 0.05937849775521072 0.4340385698796963 0.06032602697470876 0.4166321071807693 0.07959245443783565 0.38518817456335275 0.08875190355965007 0.3694662082546445 0.09633213731563442 0.3705892058481236 0.09885888190096254 0.38518817456335275 0.09285786351080824 0.39754114809162355 0.09475292194980435 0.4289850807090401 0.09412123580347231 0.43740756266013375 0.09885888190096254 0.4576215193427588 0.09412123580347231 0.47334348565146706 0.09001527585231413 0.49187294594387326 0.09475292194980435 0.49973392909822734 0.09443707887663833 0.5064719146591024
4 0.6278960294540367 0.687836026005987 0.613051405015234 0.6519001030146537 0.6165256788200603 0.6002422137146124 0.5991543097959294 0.6294401511450706 0.5934691344789411 0.6210176691939768 0.6019968974544236 0.6047342040885291 0.6054711712592498 0.5614987967395813 0.6079979158445779 0.5345468544960814 0.6133672480884 0.5278088689352064 0.6244217556492107 0.5323008593091231 0.6234742264297126 0.5474613268210917 0.6307386171125309 0.5536378135852271 0.6383188508685153 0.5693597798939354 0.6427406538928395 0.5850817462026436 0.6446357123318356 0.6120336884461435 0.6373713216490172 0.635616637909206 0.6370554785758512 0.6614455825592267 0.6455832415513335 0.674360054884237 0.6395822231611793 0.6962585079570808
4 0.7365460466231458 0.6513386042179142 0.7472847111107903 0.5716057750808937 0.7349668312573157 0.5323008593091231 0.7346509881841495 0.5070334134558419 0.7324400866719877 0.486819456773217 0.741283692720636 0.4845734615862586 0.7460213388181262 0.4946804399275711 0.7532857295009445 0.5098409074395397 0.7662352955007511 0.5396003436667376 0.7662352955007511 0.6024882089015706 0.7738155292567356 0.6283171535515915 0.7763422738420636 0.6434776210635601 0.7608659632569289 0.6468466138439976 0.7529698864277785 0.6041727052917895 0.7501272987692844 0.6547075969983517 0.7387569481353079 0.6603225849657476
4 0.5631481994550039 0.45874451693623786 0.5795720392596366 0.4621135097166753 0.5716759624304862 0.4261775867253422 0.5786245100401386 0.41550910958729015 0.5871522730156209 0.4525680301721024 0.5944166636984393 0.45425252656232123 0.5887314883814511 0.4110171192133734 0.5887314883814511 0.3857496733600923 0.586520586869289 0.35711323472637363 0.5795720392596366 0.3436372636046237 0.5694650609183242 0.3436372636046237 0.5637798856013359 0.33353028526331124 0.5574630241380156 0.3346532828567904 0.5524095349673595 0.3436372636046237 0.5549362795526875 0.35879773111659236 0.5546204364795215 0.38238068057965485 0.5546204364795215 0.39754114809162355 0.5501986334551974 0.4121401168068527 0.5505144765283634 0.4211240975546859 0.5546204364795215 0.42000109996120677 0.564727414820834 0.39866414568510267 0.5628323563818379 0.41326311440033175 0.5615689840891738 0.43347707108295674 0.564727414820834 0.44414554822100866
4 0.6225266972102146 0.5193863869841127 0.6275801863808709 0.46548250249711287 0.6373713216490172 0.5396003436667376 0.6484258292098278 0.5345468544960813 0.6458990846244997 0.5165788930004147 0.6436881831123377 0.45874451693623786 0.6455832415513337 0.43291557228621713 0.6458990846244997 0.40652512883945685 0.6405297523806774 0.3941721553111861 0.6389505370148474 0.376765692612259 0.631686146332029 0.3694662082546444 0.6247375987223767 0.38069618418943596 0.6269485002345389 0.38911866614052976 0.6165256788200604 0.39810264688836305 0.6124197188689021 0.41270161560359214 0.609892974283574 0.42505458913186295 0.6114721896494042 0.4418995530340504 0.6165256788200604 0.44639154340796705 0.6162098357468944 0.48569645917973775 0.6127355619420681 0.5160173942036751
4 0.6544268475999822 0.5901352353732999 0.6683239428192868 0.5946272257472165 0.6812735088190933 0.528370367731946 0.6951706040383979 0.591258232966779 0.7011716224285522 0.5878892401863416 0.697065662477394 0.5339853556993417 0.698644877843224 0.5014184254884461 0.696118133257896 0.4750279820416857 0.6945389178920659 0.4413380542373108 0.6898012717945757 0.43291557228621713 0.6856953118434174 0.4171936059775089 0.6787467642337651 0.41943960116446716 0.6736932750631089 0.42842358191230046 0.6749566473557729 0.43965355784709204 0.6651655120876266 0.4418995530340504 0.6610595521364684 0.45312952896884195 0.6664288843802908 0.47109749046450866 0.6721140596972789 0.4828889651960398 0.6699031581851167 0.5205093845775918
4 0.7027508377943825 0.6058572016820081 0.7100152284772007 0.5929427293569978 0.7147528745746908 0.508156411049321 0.7059092685260424 0.5087179098460606 0.7043300531602124 0.4783969748221232 0.7106469146235327 0.4621135097166753 0.7131736592088608 0.44358404942426916 0.7144370315015248 0.43347707108295674 0.7242281667696713 0.4317925746927379 0.7286499697939955 0.4368460638633942 0.7283341267208295 0.45312952896884195 0.7428629080864662 0.47615097963516484 0.7283341267208295 0.4834504639927794 0.7305450282329915 0.5115254038297584 0.7365460466231458 0.5508303196015292 0.7438104373059642 0.5766592642515499 0.73938863428164 0.6030497076983102 0.7267549113549994 0.5440923340406542 0.7191746775990151 0.6210176691939768
3 0.7709729415982413 0.5884507389830812 0.7889759967687041 0.5817127534222062 0.7750789015493996 0.5418463388536958 0.7813957630127198 0.5143328978134565 0.7791848615005577 0.47165898926124833 0.763708550915423 0.45200653137536295 0.7580233755984348 0.44639154340796716 0.7507589849156164 0.4346000686764359 0.7434945942327981 0.4407765554405713 0.7472847111107903 0.46716699888733165 0.7463371818912923 0.4862579579764774 0.7599184340374309 0.521632382171071 0.7693937262324113 0.5407233412602168
5 0.2524904844750406 0.4376117351277388 0.2595322057912769 0.43618103619364634 0.2595322057912769 0.44118848246296993 0.2528928685502541 0.44190383193001614
