4 0.7180389159159243 0.5096997471193135 0.7331283187364306 0.5132764944545447 0.7345366629996779 0.4911006609761117 0.7462058011808694 0.49610810724543536 0.7460046091432627 0.48502019050621875 0.7526439463842854 0.4717862253658636 0.7510344100834314 0.4306536310107056 0.751436794158645 0.4109815206669343 0.7516379861962517 0.3998936039277179 0.7411760002407006 0.3977475555265792 0.7349390470748913 0.4052587249305645 0.7220627566680594 0.41312756906807296 0.715021035351823 0.43136898047775174 0.717435339803104 0.45461783815675416 0.7222639487056661 0.46606342962949376
4 0.6818792974353349 0.9022242162904871 0.6995002972907507 0.826756499737999 0.7053739639092226 0.8253325805577635 0.7245968728424036 0.9140902094591172 0.7334073727701115 0.9050720546509584 0.7315384788460522 0.881814708040443 0.716320342607284 0.7954302777728153 0.7259317970738745 0.7830896448774399 0.7286016455368163 0.7631547763541413 0.7211260698405791 0.7370495913831546 0.7128495396054597 0.7270821571215051 0.7056409487555168 0.7232850393075436 0.7056409487555168 0.7090458475051874 0.7013691912148099 0.6971798543365573 0.6941606003648669 0.6971798543365573 0.689621857977866 0.7104697666854229 0.6914907519019252 0.7223357598540532 0.680811358050158 0.7361003119296643 0.6736027672002153 0.7617308571739055 0.671733873276156 0.7916331599588537 0.6693310096595084 0.8110933887554073 0.680811358050158 0.8087201901216813 0.6810783428964523 0.8281804189182346 0.6752046762779803 0.8595066408834184 0.6706659338909793 0.8913075025753474
4 0.29170561072155027 0.7827255428079117 0.3043961854013607 0.7725455696230231 0.2997532922258203 0.6927565906063284 0.3269915988556573 0.770344494339804 0.33364641240726534 0.764841806131756 0.31569389212850907 0.6823014830110375 0.32126536393915756 0.678449601265404 0.322812994997671 0.6660685527972963 0.31801533871627924 0.6545129075603956 0.314765313493401 0.6468091440691286 0.31414626106999555 0.6289254073929729 0.31430102417584693 0.6060892513295741 0.3104319465295633 0.6005865631215264 0.3011461601784824 0.5931579340406616 0.296503267002942 0.5994860254799167 0.2938722942034691 0.6113168051272196 0.2938722942034691 0.6217719127225106 0.28752700686356386 0.6319518859073993 0.28288411368802346 0.6674442248493082 0.28118171952365867 0.6856030959358663 0.2912413214039962 0.7623655964381344 0.2881460592869693 0.7774979890102662
4 0.32829456603892515 0.6530716661323841 0.34679661588711175 0.6490846924277244 0.33558325234275627 0.5623680143513748 0.3477310628491415 0.5640292533949831 0.3548328597605666 0.5527328278984471 0.3494130673807948 0.5404396589757462 0.3424981598617755 0.5381139243146947 0.3439932750010229 0.518179055791396 0.34698350527951777 0.5118663474256847 0.34910938501426936 0.4870752875859326 0.3451847077737448 0.47312087961962346 0.3364009063306663 0.4757788620893967 0.3326631184825478 0.5033554302132932 0.3251875427863108 0.5183065816057673 0.3156561837736086 0.5342544764244064 0.3130397322799256 0.5618310445483029 0.32855155184961743 0.592730090759416
4 0.14483217005063784 0.6305636514634675 0.15225719240319788 0.5859081978821136 0.17010884188914005 0.6403934682895518 0.17390034266491539 0.629159391916884 0.16063008994970177 0.5566995993131777 0.17342640506794346 0.5704613428696955 0.1791136562316065 0.5592272664970279 0.1751641762568405 0.5451846710311934 0.1674231955062992 0.5241207778324416 0.1669492579093273 0.5044611441802732 0.16837107070024301 0.48311639907220466 0.1617359443426362 0.47749936088587086 0.15525879718402 0.47609510133928734 0.1514672964082447 0.4921036601703388 0.15178325480622595 0.5016526250871063 0.1344055429172557 0.5429378557566599 0.13393160532028375 0.5732698619628626 0.13851300209101228 0.5923677917963975 0.13171989653441482 0.6409551721081851 0.1449901492496285 0.6496615812970026
4 0.062224460010598566 0.6604944406563606 0.08092403866663336 0.6461652616095906 0.0718966558671683 0.6318360825628208 0.0654485252961218 0.5836900409656737 0.0760879407383485 0.5871290439368985 0.07544312768124385 0.5699340290807745 0.06899499711019737 0.5527390142246505 0.07157424933861596 0.522934321807369 0.07028462322440666 0.5040198054656326 0.0641588991819125 0.4937027965519583 0.055131516382447426 0.4925564622282167 0.049650605397057915 0.5063124741131159 0.035464718140755656 0.528665993426077 0.03191824632668009 0.5819705394800613 0.03127343326957545 0.6157874020304384 0.025792522284185933 0.6364214198577871 0.03288546591233706 0.6432994258002367 0.03901118995483122 0.6387140885052703 0.04739375969719165 0.58827537826064
4 0.232777513614778 0.5366903336922682 0.246640994342528 0.5252269904548522 0.23148788750056873 0.4873979577713794 0.2556683771419931 0.5338244978829142 0.2630837272986965 0.5223611546454983 0.2524443118564698 0.4994344681706662 0.24051527030003378 0.4684834414296432 0.23954805071437688 0.45472742954474393 0.24083767682858617 0.43581291320300763 0.23729120501451056 0.42606907145120404 0.22826382221504557 0.41804473118501284 0.21988125247268508 0.41517889537565883 0.21633478065860948 0.4031423849763721 0.20762980438769674 0.40600822078572607 0.20666258480203978 0.4226300684799793 0.20634017827348747 0.43237391023178284 0.20053686075954563 0.4610322683253228 0.19763520200257476 0.4759346145339635 0.2027937064594119 0.48281262047641316 0.21278830884453395 0.4661907727821599
4 0.3797948906346379 0.4753614473720927 0.37624841882056226 0.4518615937353899 0.3775380449347716 0.4358129132030076 0.3772156384062193 0.4083008894332093 0.3865654277342367 0.3985570476814057 0.3946255909480448 0.38594737012024816 0.40107372151909126 0.383654701472765 0.4081666651472424 0.38824003876773133 0.408811478204347 0.4094472237569509 0.40784425861869006 0.4467030892785528 0.4017185345761959 0.44784942360229435 0.3891446799626553 0.469056608591514 0.3881774603769983 0.48395895480015466
4 0.3198272763239055 0.4398250833361031 0.3253081873092951 0.3848010357965066 0.33111150482323687 0.44154458482171566 0.3407837006798066 0.4438372534691987 0.33820444845138803 0.37391085972096133 0.3462646116651961 0.36989868958786576 0.34561979860809156 0.34181349865619665 0.3349803831658648 0.3297769882569099 0.33304594399455084 0.312581973400786 0.32756503300916134 0.3108624719151736 0.32111690243811486 0.31544780921013993 0.3201496828524579 0.3309233225806515 0.31144470658154516 0.3458256687892922 0.30693101518181265 0.36817918810225336 0.3127343326957544 0.3870937044439897 0.3111223000529928 0.42549590428933326 0.31079989352444043 0.4421177519835864
4 0.13702277463473778 0.508972439741269 0.1441157182628889 0.5055334367700443 0.1441157182628889 0.47057023989592556 0.1505638488339354 0.48661892042830796 0.15572235329077258 0.47458241002902113 0.14991903577683072 0.4367533773455484 0.15539994676222024 0.4327412072124528 0.1560447598193249 0.4161193595181997 0.1518534749481447 0.40809501925200853 0.14830700313406914 0.3914731715577554 0.14508293784854587 0.3828756641296934 0.14314849867723192 0.3731318223778899 0.13444352240631918 0.3719854880541482 0.13154186364934825 0.3891805029102721 0.12412651349264481 0.40809501925200853 0.12477132654974944 0.4378997116692901 0.13025223753513895 0.4602532309822511 0.13444352240631918 0.48776525475204957
