4 0.2908532915528793 0.5362004993040618 0.2950182551550685 0.5078170436446984 0.2856470870501428 0.47881655634056597 0.28807664915141984 0.4553693538393528 0.2957124157554334 0.43624137285152087 0.30404234295981175 0.4263688665352205 0.30543066416054154 0.4121771387055388 0.3130664307645551 0.4084749488369262 0.3175784746669267 0.41464526528461393 0.31931387616783885 0.42821996146952684 0.32139635796893345 0.44117762600967103 0.3231317594698456 0.46215670193180924 0.33042044577367674 0.4677099867347282 0.3276438033722172 0.4806676512748724 0.3116781095638253 0.4775824930510285 0.31792555496710917 0.5152214233819236 0.3123722701641902 0.543604879041287 0.31931387616783885 0.5565625435814312 0.3148018322654672 0.56211582838435 0.30334818235944694 0.559647701805275 0.2981419778567104 0.5491581638442059 0.29328285365415635 0.5491581638442059
4 0.34222117597987944 0.6596068282578158 0.3567985485875417 0.586797094175101 0.35089818348444024 0.565200986608194 0.3519394243849876 0.5429878473965182 0.35957519098900115 0.5306472145011427 0.36582263639228496 0.5213917398296112 0.36964051969429174 0.5109022018685421 0.3741525635966634 0.5016467271970105 0.38630037410304857 0.5059659487103919 0.3838708120017715 0.5189236132505362 0.3845649726021364 0.5269450246325301 0.3908124180054201 0.535583467659293 0.3953244619077918 0.5491581638442059 0.39810110430925133 0.5800097460826444 0.39740694370888635 0.6127124232553891 0.39254781950633233 0.6170316447687705 0.3960186225081566 0.6343085308222962 0.3998365058101635 0.6608408915473534 0.40053066641052837 0.6713304295084225 0.3939361407070621 0.6682452712845788 0.3901182574050553 0.6589897966130471 0.3727642423959337 0.6120953916106205 0.3519394243849876 0.6744155877322663 0.3425682562800619 0.6799688725351852
4 0.20547153770800064 0.479433587985335 0.21102482251091959 0.45228419561550903 0.2026948953065412 0.4282199614695269 0.20859526040964255 0.40538979061308233 0.2162310270136561 0.38811290455955677 0.22213139211675748 0.3807085248223315 0.22594927541876428 0.37083601850603115 0.2283788375200413 0.3640486704135747 0.23948540712587912 0.3696019552164937 0.23913832682569672 0.38132555646710026 0.23879124652551428 0.3893469678490944 0.23532044352369 0.39181509442816936 0.23844416622533185 0.40970901212646377 0.2436503707280683 0.4121771387055388 0.24573285252916294 0.42204964502183917 0.24191496922715616 0.4288369931142956 0.24122080862679135 0.4424116892992086 0.23775000562496695 0.4479649741021275 0.23879124652551428 0.4640077968661156 0.23948540712587912 0.4825187462091787 0.24503869192879807 0.4874549993673289 0.24503869192879807 0.4967104740388605 0.2328908814224129 0.4967104740388605 0.22872591782022372 0.49547641074932286 0.22733759661949396 0.4590715437079654 0.22109015121621017 0.4751143664719535 0.22456095421803451 0.4862209360777914 0.2183135088147507 0.4893060943016352 0.2072069392089128 0.4874549993673289
5 0.47677897438822386 0.41968109124661335 0.48419184449470765 0.41924901138612614 0.48552859156309 0.43005100789830647 0.48018160328956067 0.43113120754952455
4 0.5470582832193027 0.49359635052905715 0.5562698983207978 0.45580510908702637 0.5417438898915172 0.4721813137119063 0.5350123250096555 0.4684021895677033 0.5389095467833649 0.45580510908702637 0.5438696472226314 0.4457274447024849 0.5477668689963408 0.4230526998372665 0.5474125761078218 0.4142347435007927 0.5470582832193027 0.3997481009480143 0.5520183836585694 0.3934495607076758 0.5583956556519118 0.39281970668364197 0.5615842916485833 0.4041570791162512 0.569378735196002 0.41486459752482646 0.5782360574089781 0.43753934239004494 0.5814246934056494 0.4476170067745865 0.5757560071893448 0.457694671159128 0.5803618147400923 0.4809992700483802 0.5817789862941685 0.49359635052905715 0.5711501996385974 0.4948560585771247 0.5633557560911785 0.48477839419258323 0.5573327769863549 0.4948560585771247 0.5573327769863549 0.5080829930818356 0.5527269694356074 0.514381533322174 0.5428067685570743 0.5124919712500724 0.5413895970029983 0.5024143068655309 0.5456411116652266 0.5011545988174632
4 0.6905469030695128 0.45391554701492487 0.6781466519713466 0.4400587584861803 0.6834610452991322 0.4186437216690296 0.6767294804172704 0.40163766302011583 0.6770837733057895 0.38400175034716816 0.6724779657550422 0.3777032101068297 0.6710607942009659 0.35817773536178055 0.6767294804172704 0.35061948707337437 0.6838153381876512 0.35061948707337437 0.6884211457383986 0.3632165675540513 0.6976327608398938 0.3732942319385927 0.7089701332725029 0.4022675170441496 0.7068443759413886 0.41675415959692796 0.7047186186102743 0.4262019699574357 0.7132216479347313 0.45895437920719556 0.7075529617184267 0.4671424815196356 0.6972784679513747 0.4671424815196356 0.6887754386269177 0.47344102175997405 0.6855868026302464 0.46399321139946637
4 0.8423396646090282 0.5364264241633585 0.8370252712812427 0.4992650367453617 0.8409224930549521 0.4879276643127525 0.8249793130715953 0.5080829930818356 0.8161219908586195 0.5124919712500724 0.8132876477504672 0.5005247447934293 0.8246250201830765 0.4885575183367863 0.829939413510862 0.47470072980804173 0.830293706399381 0.45265583896685724 0.8267507775141907 0.43753934239004494 0.8320651708419762 0.42809153202953726 0.8409224930549521 0.42620196995743576 0.8494255223794088 0.4400587584861803 0.8579285517038661 0.45139613091878944 0.86749445969388 0.46399321139946637 0.8710373885790704 0.4847783941925833 0.877060367683894 0.509972555153937 0.8961921836639221 0.5257189057547832 0.895483597886884 0.5534324828122723 0.8930035476672508 0.5572116069564753 0.8827290539001986 0.5490235046440355 0.8859176898968699 0.5439846724517646 0.8657229952512847 0.5269786138028508 0.8579285517038661 0.5156412413702417 0.8511969868220042 0.5194203655144447 0.8561570872612707 0.5490235046440355 0.8497798152679281 0.5546921908603399 0.840213907277914 0.5572116069564753
4 0.5134420799724291 0.41132594355158025 0.5076075108818333 0.3852156880043929 0.5009681736408105 0.3848580132708698 0.4983526771519227 0.37377009653165333 0.49171333991089994 0.35123658831969723 0.4886954593467987 0.33585657477820335 0.48789069119637174 0.3265570317066024 0.48648234693312437 0.31940353703614016 0.4876894991587649 0.3115346928986316 0.4897014195348325 0.3086732950304467 0.49332287621175397 0.3101039939645392 0.4975479090014957 0.31439609076681657 0.49955982937756327 0.31689981390147837 0.5084122790322603 0.3161844644344321 0.5168623446117439 0.3154691149673859 0.5218921455519127 0.3201188865031863 0.5230992977775532 0.33335285164354156 0.5206849933262722 0.3483751904515123 0.5184718809125979 0.36411287872652937 0.5220933375895194 0.38199661540268504 0.5273243305672949 0.39809197841122507 0.5269219464920814 0.407391521482826 0.5208861853638789 0.41991013715613495 0.5158563844237101 0.4181217634885194
4 0.9172546186529397 0.9172340666627515 0.9125467249729416 0.8660865797689462 0.9264088563640468 0.8428377220899439 0.92143941303516 0.8321432475576028 0.9062695333996109 0.853067219468705 0.8926689516573946 0.8572520138509254 0.8835147139462873 0.852137265161545 0.8871764090307301 0.8349331104790833 0.8973768453373926 0.8256335674074822 0.9052233348040558 0.7935501438104589 0.9083619305907211 0.7828556692781177 0.9018231893685017 0.7721611947457767 0.9023462886662793 0.7577469029847953 0.9101927781329425 0.7451925198381341 0.9183008172484948 0.7437975883773938 0.9235318102262702 0.7484473599131944 0.9285012535551569 0.763791605981336 0.948117477221815 0.7814607378173777 0.9593641121240324 0.80377964118922 0.9604103107195876 0.8242386359467422 0.9622411582618091 0.8470225164721644 0.9533484701995907 0.8646916483082062 0.9421018352973733 0.8767810543012874 0.9423633849462622 0.9274635640415125 0.9387016898618192 0.941877855802494 0.9350399947773763 0.9521073531812551 0.9125467249729416 0.9437377644168141 0.9164699697062731 0.9325783127308931
3 0.15703882736996733 0.5735595913593351 0.16488531683663063 0.5424418895428242 0.15784359552039431 0.5216967549984837 0.1522102184674053 0.5045283677893743 0.1546245229186863 0.48127951011037184 0.17031750185201294 0.4605343755660313 0.1805782957699572 0.44980413356033794 0.18238902410841798 0.4415776146893063 0.19104028172550827 0.44050459048873697 0.19647246674089058 0.4555269292967077 0.19405816228960954 0.46697252076944734 0.19828319507935135 0.4834255585115106 0.19868557915456486 0.4988055720530044 0.20250822786909312 0.5081051151246053 0.20029511545541884 0.525988851800761 0.19828319507935135 0.5410111906087317 0.19345458617678932 0.5392228169411163 0.19224743395114882 0.5538874810155638 0.19023551357508126 0.5656907472218266 0.18158425595799094 0.5678367956229653 0.17937114354431669 0.588939604900829 0.16387935664859687 0.5828591344309361
